0 215
0 59
0 3
0 609
0 154
0 649
0 531
0 255
0 569
0 669
215 3
215 49
215 91
215 137
215 162
215 192
215 600
215 589
215 638
215 253
215 416
215 393
59 7
59 12
59 39
59 269
59 488
59 246
59 429
59 472
59 588
59 632
59 587
59 393
59 582
59 482
59 523
59 228
59 576
59 75
59 90
59 268
59 551
25 0
25 18
25 102
25 136
25 703
25 581
25 321
25 41
25 33
25 325
25 234
25 613
25 258
25 463
25 568
3 163
3 464
3 551
3 458
3 12
3 28
3 16
3 331
3 394
3 433
3 385
3 9
3 284
3 456
3 58
609 119
609 126
609 186
609 191
609 209
609 245
609 355
609 366
609 401
609 479
609 511
609 525
609 561
609 639
609 665
310 0
310 122
310 140
310 196
310 217
310 574
310 450
310 371
310 667
310 416
310 504
310 530
310 348
154 39
154 123
154 142
154 433
154 666
154 537
154 395
154 542
154 593
154 599
154 661
154 665
154 671
154 194
154 196
288 0
288 24
288 133
288 247
288 340
288 370
288 518
288 661
288 467
367 0
367 201
367 208
367 325
367 460
367 686
367 543
367 562
367 629
367 554
367 551
665 0
665 107
665 122
665 148
665 155
665 161
665 178
665 188
665 194
665 235
665 288
665 294
665 317
665 341
665 347
665 350
665 372
665 382
665 390
665 423
665 439
665 486
665 489
665 523
665 553
665 569
665 585
665 593
665 659
665 661
324 0
324 10
324 52
324 100
324 129
324 287
324 451
324 661
324 543
324 666
324 641
404 0
404 122
404 152
404 235
404 248
404 395
404 620
404 495
404 562
404 582
404 661
404 702
404 549
364 0
364 37
364 117
364 122
364 161
364 193
364 254
364 552
364 592
364 520
364 550
364 437
364 562
364 661
364 420
578 0
578 20
578 128
578 153
578 244
578 252
578 326
578 414
578 468
578 499
578 505
578 542
578 548
578 574
578 579
578 677
578 630
578 620
649 8
649 59
649 75
649 117
649 124
649 141
649 147
649 161
649 164
649 220
649 229
649 238
649 242
649 278
649 315
649 322
649 339
649 366
649 425
649 440
649 443
649 454
649 469
649 478
649 494
649 521
649 524
649 550
649 563
649 587
649 641
649 709
649 685
649 670
531 15
531 99
531 297
531 376
531 394
531 440
531 649
531 581
531 563
531 601
255 55
255 66
255 71
255 96
255 103
255 105
255 111
255 120
255 212
255 623
255 644
255 672
255 570
255 388
255 283
255 404
255 384
255 378
255 258
255 446
255 432
255 317
479 0
479 9
479 126
479 206
479 215
479 260
479 289
479 297
479 456
479 495
450 0
450 65
450 85
450 124
450 151
450 339
450 361
450 379
450 410
450 447
450 682
450 614
450 619
450 691
450 545
450 600
450 567
450 557
450 534
450 706
450 676
450 529
450 710
396 0
396 127
396 142
396 144
396 182
396 204
396 221
396 354
396 370
396 551
396 666
396 676
396 678
396 713
396 640
396 521
396 408
396 538
396 425
396 447
553 0
553 28
553 37
553 95
553 137
553 155
553 175
553 200
553 211
553 235
553 305
553 319
553 329
553 504
553 531
553 698
553 685
553 646
553 585
560 0
560 32
560 38
560 70
560 100
560 113
560 119
560 121
560 122
560 132
560 136
560 143
560 174
560 184
560 200
560 217
560 237
560 254
560 256
560 258
560 260
560 301
560 304
560 307
560 316
560 324
560 364
560 393
560 404
560 405
560 414
560 423
560 427
560 445
560 448
560 463
560 465
560 502
560 517
560 551
560 673
560 704
560 595
560 629
560 665
560 670
560 702
560 661
560 617
560 599
560 681
560 652
566 0
566 117
566 125
566 147
566 163
566 217
566 236
566 263
566 293
566 296
566 307
566 328
566 350
566 378
566 399
566 447
566 462
566 485
566 652
566 616
566 669
566 629
566 691
566 637
566 661
569 129
569 162
569 249
569 252
569 254
569 285
569 367
569 445
569 523
569 628
569 582
569 597
569 626
569 702
597 0
597 81
597 122
597 125
597 277
597 322
597 387
597 413
597 450
597 459
597 463
597 486
597 554
597 571
597 659
597 685
597 688
661 0
661 62
661 77
661 80
661 87
661 108
661 125
661 133
661 136
661 140
661 143
661 147
661 148
661 149
661 163
661 172
661 176
661 192
661 194
661 196
661 197
661 211
661 228
661 229
661 236
661 260
661 286
661 310
661 317
661 332
661 359
661 367
661 372
661 445
661 454
661 463
661 471
661 486
661 504
661 505
661 530
661 543
661 553
661 557
661 558
661 562
661 564
661 569
661 575
661 582
661 595
661 597
661 598
661 626
661 671
661 670
661 705
661 669
661 707
669 25
669 37
669 45
669 64
669 104
669 117
669 168
669 176
669 216
669 267
669 428
669 446
669 510
669 530
669 593
669 598
669 602
669 646
669 701
194 0
194 24
194 34
194 73
194 90
194 125
194 127
194 137
194 143
194 169
194 222
194 385
194 689
194 597
194 685
194 560
194 569
194 657
194 270
194 632
194 536
194 297
194 463
652 1
652 46
652 126
652 178
652 208
652 253
652 306
652 314
652 340
652 381
652 495
652 496
652 514
652 562
652 620
652 637
1 153
1 208
1 13
1 28
1 302
1 156
1 331
1 417
1 169
1 456
1 82
1 567
1 686
1 177
1 186
1 284
1 363
1 440
153 22
153 23
153 31
153 99
153 112
153 147
153 587
153 579
153 620
153 195
153 680
153 458
153 604
153 618
153 452
153 684
153 287
153 320
153 528
153 484
153 508
153 596
153 470
153 492
153 219
153 356
153 221
153 542
153 257
153 505
153 533
153 277
153 191
153 494
208 23
208 31
208 57
208 91
208 139
208 174
208 536
208 614
208 360
208 255
208 342
208 550
208 578
208 704
208 293
208 534
208 463
208 540
208 346
13 103
13 128
13 673
13 153
13 60
13 398
13 213
13 496
13 346
13 66
13 349
13 68
13 52
13 78
13 570
13 537
13 610
13 299
13 160
13 73
13 117
13 594
13 485
13 273
13 562
13 696
28 8
28 14
28 15
28 25
28 27
28 192
28 488
28 680
28 320
28 68
28 583
28 165
28 517
28 43
28 568
28 247
28 325
28 516
28 88
28 203
28 701
28 506
28 610
28 512
28 614
28 324
28 416
28 504
28 342
701 1
701 31
701 126
701 156
701 172
701 197
701 200
701 210
701 218
701 225
701 241
701 266
701 269
701 271
701 289
701 301
701 341
701 346
701 355
701 362
701 380
701 383
701 399
701 401
701 406
701 407
701 408
701 417
701 418
701 430
701 455
701 456
701 479
701 499
701 513
701 547
701 636
701 648
701 656
701 657
701 675
701 683
302 9
302 16
302 27
302 156
302 635
302 313
302 390
302 330
302 518
302 611
302 639
302 524
302 452
302 463
156 28
156 34
156 606
156 514
156 647
156 398
156 568
156 355
156 289
156 295
156 407
156 162
156 328
156 588
156 551
156 250
156 262
156 308
156 495
331 9
331 16
331 73
331 110
331 126
331 143
331 219
331 308
331 311
331 354
331 392
331 518
331 596
331 426
331 585
492 1
492 3
492 16
492 21
492 127
492 172
492 187
492 222
492 277
492 297
492 302
492 311
492 345
492 362
492 401
492 429
492 430
492 456
492 550
492 701
492 541
492 607
492 495
492 702
241 1
241 3
241 9
241 169
241 210
241 237
241 354
241 290
241 625
241 331
241 345
241 562
430 1
430 3
430 16
430 145
430 156
430 177
430 388
430 628
430 639
430 496
430 498
9 1
9 313
9 683
9 385
9 654
9 518
9 297
9 417
9 499
9 209
9 628
9 138
9 186
9 262
9 401
9 169
9 16
9 363
9 712
9 191
9 362
9 701
9 495
9 698
9 471
9 631
9 139
9 182
9 438
9 584
9 46
9 98
9 100
9 395
9 639
9 296
9 308
9 492
9 573
9 710
417 159
417 184
417 201
417 226
417 234
417 614
417 619
417 635
417 613
417 495
417 661
417 602
169 3
169 49
169 132
169 135
169 156
169 159
169 460
169 633
169 331
169 495
169 225
169 401
169 628
169 311
169 297
169 302
169 358
169 407
169 271
169 385
169 496
169 507
169 684
169 432
169 346
169 220
169 701
380 1
380 23
380 126
380 142
380 191
380 219
380 272
380 291
380 345
380 635
380 431
380 694
380 660
380 523
380 393
218 1
218 145
218 177
218 188
218 552
218 709
218 609
218 658
218 302
218 241
218 546
218 583
218 580
218 295
218 375
456 9
456 42
456 86
456 101
456 140
456 177
456 186
456 279
456 289
456 308
456 345
456 396
456 414
456 425
456 518
456 628
456 679
456 458
456 608
518 1
518 16
518 34
518 78
518 99
518 169
518 186
518 209
518 213
518 241
518 260
518 284
518 297
518 308
518 311
518 320
518 327
518 359
518 375
518 389
518 399
518 407
518 408
518 427
518 430
518 499
518 510
518 704
518 587
518 623
518 529
518 534
518 701
82 13
82 39
82 52
82 60
82 66
82 68
82 78
82 398
82 583
82 312
82 485
82 540
82 626
82 443
82 637
82 429
82 307
82 91
82 253
82 194
82 617
82 594
82 611
82 657
567 35
567 49
567 53
567 68
567 98
567 166
567 215
567 252
567 271
567 294
567 324
567 396
567 477
567 494
567 634
567 688
567 646
567 577
567 707
633 1
633 22
633 53
633 93
633 108
633 133
633 164
633 203
633 230
633 251
633 335
633 384
633 415
633 425
633 433
633 551
633 563
633 711
633 699
633 709
633 676
482 1
482 67
482 79
482 158
482 167
482 192
482 212
482 215
482 225
482 277
482 291
482 300
482 311
482 378
482 392
482 453
482 577
482 589
482 674
482 707
482 700
654 1
654 42
654 51
654 142
654 180
654 400
654 411
654 445
654 453
654 474
654 478
654 500
654 511
654 520
654 579
654 645
654 657
415 1
415 4
415 23
415 114
415 155
415 182
415 211
415 253
415 341
415 678
415 582
346 1
346 52
346 60
346 68
346 77
346 116
346 185
346 251
346 312
346 317
346 334
346 379
346 476
346 558
346 583
346 596
346 496
346 466
346 676
346 364
346 350
686 26
686 34
686 125
686 164
686 229
686 253
686 356
686 447
686 530
686 563
686 598
686 678
686 699
650 1
650 23
650 36
650 79
650 91
650 144
650 151
650 189
650 320
650 375
650 382
650 419
650 435
650 458
650 536
650 555
650 563
650 624
650 690
650 698
650 665
596 1
596 13
596 21
596 60
596 82
596 116
596 173
596 414
596 417
596 519
596 545
596 580
596 661
657 1
657 9
657 58
657 66
657 218
657 273
657 285
657 295
657 487
657 492
657 613
657 693
657 658
177 3
177 34
177 99
177 382
177 291
177 289
177 308
177 660
177 587
177 647
177 598
177 493
177 682
177 556
177 701
177 271
177 375
177 495
177 629
177 310
186 3
186 431
186 530
186 344
186 516
284 67
284 102
284 156
284 209
284 279
284 558
284 401
284 494
284 341
284 675
284 299
284 656
284 316
284 396
284 517
284 493
284 619
284 345
284 347
363 12
363 36
363 53
363 74
363 85
363 126
363 156
363 177
363 205
363 247
363 273
363 295
363 498
363 527
363 660
363 701
363 639
363 690
363 493
363 512
363 375
440 42
440 203
440 263
440 305
440 348
440 377
440 560
440 661
440 508
440 640
2 554
2 36
2 538
2 467
2 283
2 537
2 539
2 514
2 575
2 422
2 693
2 462
2 26
2 17
2 493
2 207
2 550
2 47
2 110
2 654
2 244
2 621
2 495
2 194
2 402
2 681
2 58
554 19
554 86
554 102
554 135
554 210
554 244
554 259
554 279
554 374
554 379
554 419
554 438
554 557
554 567
554 624
554 631
554 713
554 627
554 691
554 707
554 623
554 647
253 2
253 26
253 49
253 53
253 79
253 94
253 122
253 144
253 151
253 171
253 183
253 207
253 251
253 522
253 614
253 674
253 327
253 559
253 377
253 434
253 577
253 294
253 554
253 707
253 368
253 533
253 266
253 705
253 433
253 672
253 328
253 633
253 272
253 708
253 332
502 2
502 6
502 19
502 43
502 59
502 111
502 207
502 245
502 273
502 344
502 360
502 368
502 567
502 682
502 712
502 507
142 2
142 127
142 130
142 245
142 632
142 421
142 291
142 442
142 444
142 240
142 683
142 356
142 149
142 509
142 542
142 566
142 711
142 335
142 572
142 344
142 145
142 665
211 2
211 182
211 183
211 199
211 713
211 649
211 673
211 356
211 699
211 421
211 260
211 301
211 558
211 319
238 2
238 43
238 53
238 82
238 136
238 168
238 182
238 663
238 686
238 447
238 709
238 469
238 511
238 315
238 683
238 251
238 698
238 483
238 573
238 349
238 421
238 510
238 629
238 669
36 636
36 523
36 539
36 694
36 381
36 126
36 146
36 482
36 579
36 99
36 160
36 688
36 188
36 669
36 486
622 2
622 38
622 63
622 121
622 219
622 233
622 248
622 287
622 292
622 314
622 353
622 355
622 381
622 410
622 427
622 461
622 518
622 527
622 528
622 529
622 539
622 550
622 578
622 579
622 610
622 652
622 645
538 12
538 37
538 225
538 328
538 344
538 375
538 383
538 414
538 520
538 529
538 644
538 694
538 711
538 548
538 575
538 652
432 2
432 23
432 186
432 241
432 287
432 514
432 519
432 539
432 572
432 651
432 690
432 646
432 605
432 532
314 2
314 14
314 23
314 42
314 44
314 85
314 104
314 121
314 168
314 210
314 302
314 507
314 530
314 534
314 647
314 690
314 399
314 430
314 611
467 26
467 188
467 291
467 308
467 316
467 346
467 367
467 423
467 514
467 523
467 622
467 680
283 10
283 23
283 133
283 527
283 550
283 647
283 451
283 453
283 594
283 317
537 38
537 63
537 95
537 99
537 153
537 170
537 195
537 292
537 453
537 475
537 531
537 557
537 538
537 575
539 59
539 82
539 160
539 172
539 249
539 272
539 293
539 323
539 351
539 365
539 376
539 386
539 413
539 476
539 534
539 575
539 587
539 577
539 550
539 648
539 650
514 5
514 30
514 62
514 88
514 162
514 188
514 210
514 235
514 293
514 314
514 389
514 413
514 423
514 456
514 458
514 474
514 477
514 508
514 510
514 688
514 650
514 538
514 704
514 539
514 552
514 586
514 633
514 663
514 657
514 561
453 2
453 36
453 42
453 63
453 95
453 143
453 153
453 202
453 208
453 321
453 633
453 530
453 671
453 562
453 649
453 692
453 458
575 23
575 52
575 89
575 104
575 110
575 132
575 137
575 157
575 162
575 174
575 215
575 233
575 250
575 261
575 277
575 320
575 342
575 343
575 395
575 413
575 425
575 432
575 444
575 447
575 494
575 503
575 513
575 523
575 550
575 561
575 650
575 688
575 578
575 689
575 684
575 654
575 680
575 580
575 579
575 690
575 694
422 12
422 51
422 97
422 136
422 170
422 223
422 255
422 324
422 352
422 372
422 383
422 623
422 636
422 709
422 569
422 458
422 675
693 20
693 78
693 116
693 144
693 158
693 248
693 250
693 259
693 285
693 319
693 336
693 374
693 419
693 518
693 522
693 536
693 545
693 606
693 608
693 638
693 649
462 8
462 14
462 20
462 28
462 129
462 159
462 261
462 267
462 294
462 313
462 434
462 587
462 590
462 477
462 609
462 621
462 490
462 608
26 11
26 123
26 662
26 266
26 454
26 155
26 632
26 711
26 95
26 489
26 53
26 385
26 507
26 645
26 670
26 78
26 163
26 493
26 90
26 417
26 616
26 584
26 119
26 127
26 649
26 182
26 443
26 520
26 481
17 91
17 698
17 529
17 361
17 501
17 323
17 107
17 706
17 291
17 78
17 454
17 287
17 313
17 624
17 128
17 591
17 214
17 612
17 232
17 169
493 4
493 8
493 35
493 43
493 78
493 273
493 337
493 346
493 355
493 394
493 618
119 2
119 242
119 217
119 497
119 539
119 120
119 173
119 633
119 649
119 157
119 161
119 153
119 193
119 532
207 16
207 33
207 85
207 108
207 144
207 151
207 158
207 162
207 166
207 169
207 176
207 536
207 677
207 574
207 399
207 348
207 713
207 473
207 559
207 512
207 619
207 477
207 518
207 572
207 385
207 664
207 313
207 318
207 450
207 490
207 303
207 408
497 2
497 12
497 28
497 63
497 76
497 88
497 137
497 296
497 353
497 376
497 471
497 485
497 587
497 527
497 555
497 568
520 2
520 36
520 57
520 100
520 105
520 127
520 156
520 197
520 201
520 212
520 232
520 237
520 251
520 259
520 286
520 326
520 414
520 418
520 432
520 439
520 476
520 503
520 519
520 550
520 690
520 704
520 548
520 528
520 689
520 604
520 645
548 2
548 132
548 154
548 171
548 182
548 265
548 292
548 310
548 347
548 357
548 364
548 365
548 371
548 372
548 381
548 442
548 484
548 527
548 535
548 537
548 579
548 554
548 705
548 616
548 701
550 10
550 22
550 23
550 24
550 31
550 36
550 47
550 64
550 87
550 91
550 93
550 112
550 132
550 150
550 201
550 224
550 234
550 243
550 250
550 280
550 292
550 302
550 326
550 342
550 357
550 361
550 380
550 390
550 396
550 413
550 419
550 458
550 467
550 481
550 488
550 514
550 517
550 528
550 534
550 537
550 548
550 655
550 704
550 579
550 572
550 653
550 576
550 583
550 707
550 656
550 690
550 629
47 12
47 315
47 572
47 261
47 618
47 197
47 530
47 575
47 201
47 458
47 241
47 681
47 88
47 571
47 64
47 622
47 680
47 168
47 365
47 347
110 8
110 34
110 52
110 54
110 67
110 108
110 512
110 570
110 231
110 550
110 622
110 481
110 484
110 389
110 653
110 208
110 654
110 244
110 453
110 520
110 278
110 559
110 336
110 412
110 639
110 703
110 321
110 235
110 236
244 9
244 75
244 84
244 153
244 183
244 188
244 201
244 210
244 240
244 472
244 523
244 550
244 575
244 579
244 637
244 292
244 481
244 647
244 535
244 694
244 648
244 261
244 476
244 314
244 409
244 323
244 259
244 371
244 483
244 517
458 2
458 23
458 36
458 71
458 81
458 88
458 159
458 200
458 201
458 208
458 210
458 241
458 276
458 283
458 290
458 304
458 343
458 344
458 387
458 395
458 490
458 509
458 520
458 688
458 694
458 689
458 666
458 557
621 107
621 307
621 323
621 359
621 410
621 482
621 513
621 612
621 666
621 670
621 629
495 16
495 38
495 135
495 138
495 145
495 163
495 173
495 186
495 187
495 218
495 227
495 239
495 255
495 262
495 289
495 294
495 295
495 299
495 302
495 311
495 314
495 321
495 331
495 335
495 341
495 345
495 347
495 358
495 362
495 383
495 406
495 407
495 430
495 455
495 456
495 461
495 465
495 494
495 701
495 712
495 639
495 525
495 679
495 657
495 499
495 510
495 643
495 692
495 536
495 674
495 561
495 710
402 73
402 112
402 113
402 122
402 127
402 159
402 185
402 223
402 265
402 310
402 367
402 542
402 661
402 504
402 463
402 492
402 709
402 632
402 505
681 91
681 121
681 131
681 154
681 210
681 217
681 304
681 351
681 369
681 379
681 393
681 513
681 532
681 550
681 582
681 620
681 701
681 710
58 436
58 255
58 507
58 395
58 62
58 698
58 598
58 122
58 315
58 620
58 430
58 591
163 91
163 144
163 158
163 160
163 162
163 512
163 318
163 220
163 249
163 324
163 548
163 713
163 490
163 292
163 304
163 186
163 701
163 480
163 532
464 51
464 61
464 105
464 117
464 127
464 136
464 170
464 171
464 233
464 274
464 310
464 345
464 384
464 418
464 460
464 644
551 153
551 157
551 202
551 218
551 316
551 507
551 663
551 666
551 639
551 649
551 690
141 3
141 9
141 285
141 211
141 507
141 435
141 588
141 355
141 378
141 681
141 615
141 576
141 694
12 9
12 524
12 103
12 630
12 391
12 432
12 471
12 516
12 581
12 25
12 325
12 493
12 27
12 555
12 72
12 424
12 235
12 138
12 589
12 36
12 578
12 277
12 28
12 43
12 308
289 3
289 22
289 99
289 162
289 173
289 198
289 262
289 635
289 518
289 401
289 302
289 712
289 369
289 548
289 500
289 375
289 661
16 693
16 333
16 662
16 575
16 21
16 701
16 455
16 609
16 262
16 264
16 573
16 231
16 555
16 520
16 522
16 673
16 363
16 560
494 3
494 172
494 400
494 406
494 492
494 701
494 627
407 3
407 116
407 145
407 177
407 258
407 319
407 579
407 660
407 591
394 8
394 51
394 56
394 62
394 102
394 279
394 351
394 352
394 367
394 624
394 627
394 647
394 603
354 3
354 26
354 142
354 157
354 167
354 182
354 209
354 237
354 240
354 243
354 277
354 280
354 285
354 641
354 649
354 700
354 648
354 427
354 400
354 454
354 622
354 621
354 609
354 495
433 109
433 137
433 189
433 280
433 289
433 377
433 536
433 554
433 674
433 619
340 3
340 45
340 47
340 129
340 135
340 158
340 215
340 522
340 707
340 450
340 500
340 667
340 392
340 433
340 461
340 704
340 517
385 45
385 63
385 64
385 96
385 101
385 119
385 142
385 191
385 699
385 435
385 446
385 454
385 663
385 700
385 579
385 509
385 599
385 669
329 3
329 15
329 28
329 49
329 124
329 176
329 182
329 194
329 619
329 517
329 690
329 493
128 3
128 101
128 123
128 600
128 592
128 403
128 371
128 257
128 134
128 331
128 248
128 299
128 445
128 146
128 285
128 642
473 4
473 47
473 74
473 83
473 102
473 129
473 135
473 151
473 162
473 189
473 315
473 318
473 587
473 682
473 707
473 649
4 550
4 14
4 697
4 303
4 234
4 544
4 383
4 253
4 639
4 612
4 706
4 12
4 25
4 455
604 4
604 51
604 86
604 157
604 211
604 225
604 244
604 256
604 260
604 287
604 292
604 327
604 337
604 343
604 344
604 367
604 416
604 452
604 453
604 503
604 519
604 524
604 527
604 535
604 541
604 556
604 694
604 622
604 637
604 688
604 690
14 565
14 320
14 517
14 581
14 15
14 216
14 107
14 171
14 240
14 690
14 277
14 25
14 568
14 247
14 525
8 4
8 667
8 651
8 497
8 25
8 329
8 92
8 20
8 575
8 15
8 247
581 4
581 134
581 135
581 193
581 196
581 247
581 280
581 329
581 436
581 458
273 4
273 12
273 28
273 29
273 35
273 175
273 185
273 220
273 249
273 360
273 516
273 555
273 578
273 645
273 656
273 599
273 659
697 28
697 46
697 174
697 277
697 358
697 422
697 504
697 512
697 533
697 546
697 550
697 555
303 14
303 43
303 70
303 80
303 115
303 159
303 247
303 576
303 551
303 655
303 346
303 479
303 560
303 696
303 478
234 12
234 28
234 208
234 381
234 273
234 277
234 571
234 321
234 697
234 695
544 12
544 199
544 224
544 247
544 249
544 273
544 277
544 278
544 353
544 517
544 691
544 585
544 560
544 553
383 56
383 114
383 117
383 130
383 181
383 206
383 239
383 245
383 282
383 300
383 339
383 371
383 382
383 586
383 703
383 391
383 409
383 436
383 468
383 531
383 483
383 527
639 10
639 12
639 55
639 66
639 75
639 173
639 225
639 228
639 299
639 306
639 311
639 321
639 356
639 358
639 373
639 407
639 417
639 422
639 446
639 488
639 523
639 572
639 645
639 701
639 657
639 661
612 68
612 81
612 214
612 323
612 381
612 526
612 565
612 610
612 707
612 625
612 661
612 658
706 115
706 222
706 325
706 470
706 617
706 627
706 647
706 679
356 4
356 7
356 16
356 84
356 102
356 109
356 115
356 119
356 127
356 129
356 182
356 187
356 202
356 203
356 287
356 290
356 331
356 649
356 683
356 446
356 667
356 459
356 699
356 507
356 676
356 640
356 570
356 416
356 428
356 654
356 499
259 4
259 68
259 79
259 85
259 98
259 144
259 158
259 177
259 198
259 600
259 404
259 314
259 563
259 419
259 370
259 528
455 63
455 96
455 135
455 152
455 284
455 308
455 388
455 443
455 454
455 464
455 518
455 639
455 656
455 462
455 470
45 4
45 548
45 424
45 458
45 272
45 639
45 218
45 296
45 308
45 659
45 404
45 346
45 245
45 573
393 4
393 31
393 133
393 169
393 219
393 239
393 378
393 381
393 436
393 451
393 653
393 706
393 625
393 705
393 702
488 5
488 40
488 76
488 93
488 149
488 225
488 269
488 330
488 395
488 481
488 552
488 707
5 608
5 281
5 54
5 39
5 429
5 509
5 90
5 264
5 20
5 93
5 91
5 571
5 363
608 22
608 24
608 33
608 59
608 90
608 242
608 376
608 472
608 479
608 487
608 491
608 523
608 524
608 549
608 552
608 663
281 20
281 38
281 59
281 74
281 80
281 93
281 120
281 125
281 197
281 217
281 234
281 246
281 259
281 267
281 270
281 588
281 488
281 415
54 13
54 20
54 44
54 526
54 270
54 588
54 264
54 59
54 74
54 472
54 242
54 391
54 127
54 323
54 527
54 414
54 148
54 714
54 431
54 396
54 652
54 515
54 518
54 445
39 24
39 38
39 567
39 124
39 270
39 281
39 286
39 76
39 472
39 264
39 588
39 54
39 80
39 44
39 429
39 237
39 359
39 89
39 569
39 570
39 103
39 90
39 96
39 181
39 667
39 678
39 686
39 425
39 469
39 171
39 664
39 602
286 5
286 20
286 25
286 54
286 90
286 91
286 109
286 212
286 219
286 223
286 246
286 256
286 270
286 281
286 374
286 526
286 552
286 487
286 549
286 328
286 414
286 426
286 334
286 598
286 601
286 576
286 647
286 392
286 639
38 5
38 20
38 24
38 500
38 270
38 59
38 246
38 576
38 481
38 335
38 70
38 80
38 62
38 596
38 297
38 543
38 372
75 5
75 18
75 24
75 32
75 35
75 38
75 39
75 44
75 54
75 162
75 281
75 286
75 552
75 608
75 80
75 93
75 509
75 264
75 488
75 76
75 392
75 237
75 682
75 588
75 213
75 330
75 308
429 24
429 40
429 44
429 75
429 94
429 122
429 229
429 264
429 343
429 524
429 526
429 552
429 558
429 579
429 633
429 649
429 543
509 20
509 71
509 74
509 80
509 135
509 173
509 213
509 253
509 256
509 278
509 283
509 333
509 589
509 526
509 655
90 24
90 44
90 54
90 75
90 80
90 98
90 163
90 189
90 588
90 242
90 93
90 281
90 526
90 270
90 552
90 576
90 429
90 219
90 696
90 708
90 276
90 165
90 547
90 710
90 292
90 330
90 127
90 400
90 488
90 586
90 437
90 612
90 372
90 394
80 5
80 40
80 44
80 76
80 608
80 93
80 270
80 375
80 182
80 335
80 410
80 488
80 353
80 403
80 451
80 329
80 708
588 5
588 29
588 44
588 74
588 109
588 208
588 256
588 270
588 286
588 297
588 311
588 358
588 408
588 431
588 460
588 476
588 481
588 488
588 524
588 529
588 608
588 639
588 679
588 618
472 5
472 38
472 75
472 90
472 190
472 196
472 246
472 256
472 269
472 280
472 298
472 300
472 438
472 576
472 527
472 585
242 5
242 39
242 75
242 524
242 270
242 588
242 286
242 502
242 430
242 442
242 579
242 393
44 5
44 11
44 19
44 144
44 286
44 549
44 246
44 242
44 281
44 123
44 45
44 491
44 49
44 298
44 76
44 488
44 428
44 133
44 231
44 550
44 381
44 701
279 5
279 63
279 74
279 90
279 123
279 135
279 545
279 587
279 635
279 638
279 377
279 436
279 512
279 683
279 700
279 506
202 5
202 33
202 73
202 141
202 178
202 632
202 642
202 339
202 421
202 271
202 509
202 412
202 661
261 5
261 29
261 61
261 153
261 184
261 223
261 235
261 433
261 281
261 511
261 513
261 519
261 578
261 579
261 648
261 680
261 568
261 445
377 5
377 56
377 83
377 86
377 98
377 130
377 189
377 215
377 238
377 285
377 339
377 545
377 587
377 677
377 473
377 634
377 401
377 415
377 484
545 5
545 19
545 102
545 115
545 175
545 191
545 192
545 238
545 248
545 295
545 327
545 333
545 360
545 386
545 398
545 399
545 419
545 436
545 517
545 631
545 634
545 682
545 577
545 606
228 5
228 143
228 253
228 242
228 672
228 489
228 539
228 290
228 516
228 675
228 599
228 685
461 5
461 25
461 119
461 127
461 128
461 258
461 312
461 361
461 386
461 450
461 632
461 709
461 617
461 596
461 476
264 74
264 80
264 93
264 150
264 242
264 635
264 472
264 286
264 588
264 327
264 335
264 483
264 565
264 269
264 281
264 576
264 386
269 5
269 20
269 24
269 40
269 44
269 54
269 67
269 75
269 80
269 434
269 509
269 524
269 552
269 405
269 301
269 289
269 283
269 270
269 535
269 679
269 696
269 702
269 307
20 256
20 270
20 576
20 44
20 74
20 59
20 652
20 627
20 257
20 190
20 486
74 5
74 24
74 59
74 162
74 231
74 277
74 693
74 75
74 80
74 608
74 666
74 392
74 585
74 316
74 145
74 236
93 7
93 10
93 20
93 24
93 26
93 54
93 76
93 526
93 588
93 246
93 121
93 418
93 532
93 375
93 483
93 520
93 690
93 244
93 525
93 597
179 5
179 64
179 159
179 220
179 450
179 649
179 666
179 442
179 438
179 398
179 434
179 183
179 339
179 370
179 385
179 415
179 447
179 661
91 16
91 21
91 69
91 221
91 521
91 527
91 484
91 160
91 674
91 558
91 647
91 458
91 544
91 295
91 625
647 5
647 50
647 61
647 100
647 122
647 155
647 171
647 243
647 267
647 293
647 301
647 326
647 453
647 458
647 477
647 491
647 520
647 521
647 523
647 527
647 535
647 578
647 622
647 630
647 654
647 674
647 659
647 669
293 5
293 31
293 121
293 168
293 216
293 244
293 703
293 550
293 575
293 648
293 511
293 662
293 407
452 5
452 22
452 121
452 126
452 161
452 170
452 365
452 561
452 690
452 534
452 556
452 458
78 5
78 68
78 450
78 304
78 583
78 349
78 346
78 466
78 633
78 190
78 94
78 417
571 12
571 15
571 25
571 28
571 88
571 107
571 193
571 215
571 347
571 383
571 447
571 493
571 495
571 517
571 544
571 568
571 650
525 5
525 9
525 193
525 253
525 311
525 363
525 368
525 406
525 680
525 656
525 550
525 675
682 6
682 19
682 32
682 108
682 121
682 136
682 151
682 163
682 165
682 192
682 202
682 214
682 215
682 231
682 245
682 250
682 251
682 259
682 294
682 299
682 318
682 323
682 336
682 412
682 416
682 419
682 434
682 436
682 438
682 495
682 500
682 511
682 527
682 544
682 587
682 610
682 624
6 226
6 270
6 75
6 306
6 489
6 632
6 444
6 642
6 701
6 268
6 350
6 109
6 26
6 118
6 119
6 649
6 182
6 217
6 370
6 453
6 594
6 496
6 37
226 79
226 93
226 108
226 133
226 178
226 207
226 210
226 218
226 220
226 554
226 682
226 482
226 590
226 250
226 419
226 336
226 267
226 237
226 304
270 44
270 59
270 69
270 75
270 104
270 142
270 246
270 608
270 524
270 431
270 301
270 564
270 611
270 289
270 492
306 69
306 71
306 101
306 105
306 111
306 202
306 216
306 222
306 223
306 267
306 285
306 450
306 623
306 672
306 642
306 513
306 453
306 458
306 658
306 351
386 6
386 14
386 19
386 23
386 61
386 72
386 87
386 94
386 96
386 114
386 117
386 128
386 141
386 199
386 224
386 255
386 282
386 322
386 326
386 337
386 383
386 643
386 498
386 611
386 651
386 423
386 656
386 400
386 550
386 579
386 615
386 665
53 6
53 17
53 18
53 146
53 384
53 347
53 122
53 463
53 361
53 77
53 119
53 133
53 686
53 179
53 217
53 229
53 231
53 335
53 342
53 421
53 431
53 442
53 451
53 615
53 491
53 585
489 52
489 75
489 124
489 142
489 154
489 179
489 182
489 195
489 217
489 229
489 368
489 370
489 379
489 434
489 641
489 663
489 683
489 513
489 496
489 625
155 6
155 30
155 119
155 554
155 634
155 667
155 563
155 157
155 439
155 609
155 495
155 429
155 473
155 182
155 447
155 511
155 628
700 6
700 15
700 53
700 91
700 119
700 129
700 158
700 161
700 178
700 182
700 201
700 292
700 294
700 327
700 389
700 435
700 438
700 441
700 462
700 493
700 528
700 551
700 579
700 632
700 695
632 24
632 53
632 89
632 118
632 154
632 161
632 179
632 183
632 203
632 211
632 227
632 252
632 315
632 343
632 412
632 492
632 514
632 551
632 571
632 673
632 709
95 6
95 7
95 87
95 551
95 155
95 507
95 642
95 203
95 645
95 454
95 444
95 415
95 431
95 606
95 470
95 641
95 678
95 238
95 354
95 585
95 214
95 705
444 26
444 33
444 57
444 92
444 139
444 160
444 228
444 258
444 264
444 273
444 341
444 370
444 371
444 691
444 707
444 649
444 678
444 683
444 713
444 548
642 16
642 229
642 431
642 563
642 606
642 641
642 709
642 711
642 666
642 673
252 6
252 17
252 21
252 53
252 66
252 122
252 125
252 148
252 170
252 196
252 229
252 668
252 623
252 422
252 413
252 346
252 345
252 363
252 510
252 661
252 276
252 296
252 563
252 458
252 288
252 347
268 235
268 250
268 547
268 630
268 409
268 636
268 464
268 282
268 626
268 366
350 67
350 177
350 289
350 707
350 643
350 678
350 507
350 492
350 661
350 465
350 420
350 439
60 6
60 20
60 52
60 600
60 674
60 192
60 484
60 304
60 391
60 714
60 642
60 687
60 62
60 68
60 583
60 496
60 106
109 12
109 56
109 77
109 668
109 636
109 397
109 403
109 165
109 508
109 710
109 139
109 145
109 619
109 544
109 128
109 629
109 376
118 52
118 86
118 522
118 189
118 435
118 396
118 374
118 363
118 566
118 141
118 667
118 159
118 676
118 179
118 187
118 229
118 335
118 356
118 168
118 544
118 571
641 6
641 28
641 119
641 134
641 141
641 179
641 183
641 206
641 233
641 248
641 306
641 311
641 353
641 389
641 400
641 441
641 443
641 444
641 454
641 459
641 467
641 482
641 497
641 541
641 563
641 570
641 578
641 667
641 666
641 700
641 659
182 13
182 125
182 126
182 142
182 159
182 179
182 678
182 400
182 425
182 673
182 206
182 435
182 366
182 237
182 384
182 663
182 385
182 342
182 709
182 676
182 451
182 240
182 454
182 551
182 263
182 632
182 271
182 518
182 515
182 205
182 615
182 245
182 634
182 464
182 204
182 319
182 201
182 266
182 224
182 333
182 243
182 520
182 694
182 244
182 398
182 594
182 562
217 104
217 196
217 206
217 632
217 678
217 233
217 231
217 431
217 396
217 237
217 461
217 545
217 368
217 447
217 527
217 620
217 571
217 296
217 669
370 133
370 134
370 161
370 194
370 238
370 240
370 359
370 369
370 649
370 459
370 699
370 454
370 384
370 645
370 695
370 628
370 672
370 423
370 679
370 707
370 594
451 6
451 26
451 119
451 144
451 282
451 314
451 443
451 699
451 666
451 488
451 564
451 653
451 461
451 688
451 609
451 658
160 6
160 120
160 127
160 550
160 467
160 283
160 273
160 379
160 171
160 188
160 381
594 173
594 185
594 213
594 229
594 246
594 304
594 346
594 349
594 394
594 408
594 463
594 540
594 556
594 564
594 583
594 666
594 678
496 78
496 82
496 224
496 312
496 383
496 392
496 398
496 594
496 558
496 596
496 643
496 704
496 702
496 599
546 6
546 16
546 17
546 21
546 182
546 240
546 243
546 361
546 506
546 529
546 706
546 653
546 644
546 712
546 595
37 152
37 298
37 490
37 61
37 388
37 617
37 702
37 504
37 478
37 252
37 332
37 537
37 269
37 521
37 566
254 6
254 21
254 45
254 50
254 97
254 230
254 327
254 570
254 538
254 661
254 597
254 480
254 553
254 543
254 402
254 598
254 646
254 293
254 662
254 376
254 273
11 6
11 692
11 156
11 394
11 131
11 94
11 351
11 338
11 107
11 430
11 579
11 685
11 532
11 607
613 7
613 63
613 98
613 163
613 256
613 298
613 333
613 341
613 457
613 502
613 537
613 545
613 557
613 567
613 577
613 713
613 650
613 675
7 475
7 53
7 339
7 563
7 202
7 342
7 614
7 50
7 213
7 119
7 633
7 127
7 641
7 182
7 57
7 656
7 387
199 7
199 93
199 522
199 644
199 337
199 266
199 692
199 346
199 411
199 223
199 397
199 571
199 394
426 7
426 10
426 146
426 240
426 247
426 255
426 278
426 288
426 353
426 586
426 662
426 581
426 673
426 690
426 518
426 566
426 597
475 15
475 77
475 101
475 123
475 134
475 219
475 267
475 309
475 337
475 404
475 425
475 450
475 463
475 464
475 644
475 703
475 623
475 662
475 643
475 479
475 497
161 7
161 141
161 206
161 446
161 237
161 633
161 435
161 642
161 395
161 388
161 517
161 678
161 683
161 182
161 335
161 339
161 356
161 384
161 443
161 585
161 616
161 480
339 30
339 38
339 133
339 260
339 263
339 292
339 691
339 633
339 398
339 424
339 418
339 442
339 459
339 507
339 572
339 580
339 560
339 393
711 7
711 51
711 63
711 101
711 131
711 287
711 351
711 378
711 396
711 461
711 480
711 551
711 588
711 613
711 649
711 695
711 710
563 157
563 164
563 182
563 189
563 206
563 325
563 366
563 370
563 507
563 667
563 666
563 574
563 678
342 229
342 238
342 258
342 306
342 667
342 686
342 400
342 563
342 559
342 370
342 701
342 531
447 7
447 27
447 141
447 161
447 181
447 189
447 206
447 211
447 212
447 231
447 268
447 279
447 342
447 380
447 385
447 649
447 469
447 552
447 479
447 622
447 659
447 458
447 601
447 587
614 49
614 79
614 98
614 122
614 129
614 158
614 226
614 239
614 279
614 377
614 393
614 514
614 522
614 574
614 631
614 674
614 707
614 622
646 7
646 125
646 156
646 169
646 196
646 217
646 249
646 251
646 287
646 370
646 393
646 445
646 474
646 542
646 636
646 643
418 7
418 9
418 29
418 58
418 125
418 193
418 208
418 230
418 250
418 314
418 713
418 548
418 550
418 651
418 680
418 486
418 568
532 7
532 115
532 401
532 494
532 590
532 679
532 603
532 602
615 7
615 22
615 23
615 31
615 48
615 72
615 101
615 122
615 128
615 130
615 265
615 519
615 535
615 539
615 575
172 7
172 16
172 66
172 240
172 694
172 195
172 272
172 609
172 173
172 675
172 227
172 528
172 388
172 495
50 31
50 146
50 649
50 539
50 365
50 300
50 219
50 359
50 79
50 110
50 680
50 201
50 244
50 329
213 24
213 67
213 81
213 116
213 119
213 138
213 149
213 160
213 162
213 547
213 382
213 709
213 461
213 538
213 398
213 418
213 355
213 470
213 467
213 442
213 346
213 546
127 8
127 18
127 47
127 53
127 72
127 80
127 95
127 677
127 633
127 676
127 133
127 649
127 335
127 415
127 442
127 182
127 206
127 435
127 155
127 493
127 308
127 204
127 678
127 400
667 7
667 69
667 119
667 127
667 131
667 157
667 182
667 183
667 249
667 384
667 406
667 421
667 451
667 470
667 494
667 550
667 552
667 595
667 642
667 645
667 666
667 711
667 699
667 676
667 668
683 7
683 127
683 136
683 234
683 235
683 253
683 435
683 458
683 470
683 513
683 563
683 604
683 641
683 700
369 7
369 35
369 69
369 129
369 133
369 164
369 203
369 217
369 238
369 248
369 257
369 359
369 633
369 678
369 686
369 383
369 465
369 461
369 412
369 394
459 7
459 18
459 26
459 47
459 110
459 139
459 182
459 296
459 326
459 335
459 398
459 645
459 663
459 673
459 676
459 686
459 636
459 488
459 579
507 7
507 8
507 14
507 23
507 86
507 147
507 161
507 274
507 313
507 401
507 452
507 482
507 686
507 699
507 618
507 533
507 661
57 16
57 22
57 23
57 547
57 469
57 527
57 550
57 110
57 381
57 355
57 335
57 267
57 575
57 287
57 365
57 413
277 7
277 15
277 28
277 35
277 264
277 686
277 453
277 568
277 445
277 350
277 303
72 7
72 15
72 24
72 28
72 102
72 377
72 217
72 579
72 571
72 450
72 180
72 84
72 247
656 16
656 61
656 343
656 406
656 409
656 415
656 456
656 518
656 690
656 665
77 7
77 37
77 655
77 261
77 417
77 566
77 431
77 451
77 629
77 252
113 7
113 16
113 40
113 114
113 508
113 170
113 661
113 671
113 300
113 332
122 7
122 46
122 55
122 72
122 77
122 110
122 631
122 318
122 550
122 375
122 582
122 148
122 480
122 301
122 393
122 235
122 174
122 669
122 423
122 478
122 617
122 562
122 196
122 693
122 488
122 169
122 506
122 460
122 691
122 442
122 425
122 269
122 299
122 661
122 194
122 300
387 98
387 108
387 127
387 139
387 391
387 642
387 543
387 670
387 646
387 553
387 392
387 672
387 513
387 700
40 8
40 27
40 270
40 264
40 526
40 509
40 44
40 608
40 472
40 447
40 81
40 126
40 325
40 484
40 647
40 59
40 344
40 239
40 495
40 288
181 8
181 16
181 36
181 55
181 60
181 64
181 65
181 67
181 714
181 556
181 570
181 644
181 337
181 278
181 422
181 309
181 268
181 280
181 547
181 677
181 628
181 562
181 439
181 688
181 583
181 308
181 331
181 367
204 8
204 19
204 30
204 42
204 147
204 180
204 202
204 627
204 275
204 547
204 646
204 280
204 238
204 435
204 537
204 628
204 708
651 23
651 80
651 168
651 222
651 248
651 307
651 343
651 464
651 503
651 520
651 539
651 575
651 587
651 589
651 641
651 647
651 680
651 701
651 710
651 690
516 8
516 9
516 14
516 23
516 25
516 27
516 30
516 31
516 42
516 107
516 182
516 198
516 253
516 422
516 443
516 493
516 666
516 641
516 568
239 8
239 11
239 28
239 43
239 180
239 189
239 199
239 211
239 240
239 550
239 517
239 277
239 697
321 8
321 12
321 15
321 18
321 36
321 41
321 47
321 88
321 101
321 105
321 162
321 193
321 195
321 213
321 223
321 247
321 260
321 368
321 458
321 616
321 517
321 571
321 513
321 646
517 8
517 18
517 25
517 55
517 56
517 100
517 113
517 123
517 179
517 193
517 216
517 232
517 235
517 243
517 273
517 303
517 372
517 487
517 493
517 497
517 522
517 687
517 528
517 678
517 629
92 23
92 50
92 52
92 62
92 82
92 619
92 500
92 256
92 563
92 211
92 314
92 594
92 306
92 133
92 445
92 139
92 485
166 8
166 98
166 153
166 162
166 577
166 587
166 600
166 606
166 377
166 411
166 524
166 273
166 373
166 257
166 357
166 298
166 450
166 547
166 275
330 8
330 21
330 65
330 95
330 107
330 152
330 165
330 190
330 200
330 475
330 580
330 427
330 337
330 563
330 470
330 685
527 8
527 47
527 84
527 201
527 314
527 369
527 402
527 445
527 538
527 550
527 690
527 607
22 8
22 250
22 490
22 320
22 212
22 579
22 261
22 704
22 31
22 587
22 512
22 185
22 348
22 23
22 244
22 65
22 456
22 510
15 12
15 373
15 568
15 232
15 249
15 697
15 247
15 88
15 175
15 605
15 426
15 493
568 8
568 12
568 72
568 148
568 173
568 204
568 262
568 272
568 321
568 375
568 529
568 540
568 581
568 662
568 690
568 629
232 8
232 43
232 707
232 280
232 352
232 645
232 626
232 321
232 234
232 327
232 281
232 247
232 289
247 18
247 27
247 67
247 84
247 150
247 164
247 198
247 234
247 477
247 469
247 277
247 568
247 329
247 555
247 517
247 497
247 515
247 493
247 686
247 678
247 531
247 373
247 357
247 579
247 300
593 8
593 45
593 113
593 144
593 176
593 198
593 239
593 283
593 301
593 314
593 317
593 385
593 435
593 504
593 511
593 523
593 537
593 588
593 697
593 661
593 702
313 49
313 59
313 63
313 83
313 85
313 102
313 121
313 135
313 161
313 167
313 211
313 261
313 265
313 522
313 635
313 707
313 550
313 329
313 441
313 500
313 451
313 539
313 548
313 392
266 9
266 10
266 42
266 50
266 58
266 97
266 103
266 115
266 120
266 150
266 156
266 170
266 178
266 191
266 224
266 623
266 687
266 592
266 267
266 353
266 371
266 672
266 274
266 565
266 386
266 322
266 674
266 614
266 526
266 437
266 611
266 647
266 534
266 383
266 397
266 443
266 639
266 310
334 9
334 17
334 45
334 51
334 55
334 69
334 101
334 123
334 131
334 181
334 189
334 261
334 285
334 292
334 318
334 613
334 547
334 644
334 680
334 473
334 518
334 475
334 641
297 70
297 82
297 322
297 655
297 467
297 675
297 417
297 545
297 517
297 637
297 386
297 398
297 428
297 567
297 597
499 16
499 79
499 134
499 169
499 186
499 245
499 262
499 266
499 316
499 323
499 329
499 331
499 375
499 407
499 441
499 444
499 452
499 492
499 609
499 656
209 39
209 86
209 191
209 377
209 482
209 422
209 442
209 520
209 701
209 521
209 225
209 296
209 495
209 510
173 9
173 34
173 43
173 80
173 95
173 169
173 399
173 210
173 658
173 472
173 177
173 297
173 492
345 9
345 16
345 71
345 80
345 107
345 124
345 173
345 190
345 191
345 296
345 308
345 311
345 320
345 524
345 596
345 697
345 525
345 611
345 639
345 658
345 701
345 479
345 518
345 465
345 375
345 635
345 390
345 516
345 661
628 38
628 55
628 88
628 186
628 195
628 295
628 314
628 345
628 380
628 405
628 425
628 432
628 495
628 520
628 584
628 675
628 639
628 710
138 16
138 34
138 49
138 107
138 534
138 518
138 611
138 631
138 411
138 230
138 304
138 303
138 375
138 646
138 139
262 169
262 176
262 182
262 186
262 212
262 259
262 691
262 391
262 509
262 537
262 503
262 345
401 38
401 266
401 297
401 333
401 587
401 556
401 514
401 628
401 614
126 9
126 16
126 34
126 41
126 113
126 116
126 121
126 219
126 551
126 642
126 667
126 550
126 244
126 234
126 297
126 296
126 311
126 675
126 401
126 147
126 185
126 179
126 676
126 674
126 603
126 438
126 602
126 375
712 11
712 24
712 126
712 177
712 181
712 198
712 248
712 265
712 297
712 393
712 461
712 587
712 613
712 639
712 657
712 700
712 703
145 9
145 11
145 65
145 106
145 122
145 124
145 457
145 237
145 442
145 390
145 452
145 358
145 609
145 297
145 284
145 317
145 319
145 444
145 334
145 506
145 177
145 701
145 345
145 492
145 252
145 440
145 180
191 46
191 144
191 181
191 691
191 707
191 309
191 700
191 362
191 712
191 499
191 623
191 514
191 284
191 495
191 661
362 84
362 108
362 126
362 177
362 210
362 297
362 448
362 678
362 518
362 462
362 389
590 9
590 98
590 128
590 158
590 176
590 207
590 251
590 298
590 322
590 345
590 348
590 350
590 373
590 384
590 434
590 476
590 492
590 545
590 559
590 567
698 117
698 269
698 358
698 361
698 387
698 406
698 470
698 529
698 606
698 659
698 704
698 701
165 9
165 17
165 30
165 50
165 54
165 104
165 501
165 529
165 621
165 706
165 698
165 546
165 279
165 427
165 474
165 639
471 19
471 30
471 49
471 57
471 117
471 262
471 389
471 414
471 429
471 458
471 513
471 514
471 530
471 550
471 653
471 664
631 37
631 48
631 53
631 98
631 108
631 121
631 144
631 158
631 167
631 189
631 216
631 319
631 334
631 360
631 377
631 450
631 490
631 559
631 619
631 621
631 674
631 689
99 9
99 31
99 46
99 57
99 559
99 587
99 550
99 651
99 171
99 365
99 453
99 283
99 337
99 449
99 616
99 601
99 446
99 517
99 690
99 346
99 679
99 593
99 598
139 11
139 45
139 70
139 577
139 551
139 649
139 183
139 508
139 367
139 408
139 376
438 28
438 46
438 53
438 117
438 135
438 204
438 298
438 379
438 397
438 600
438 707
438 714
438 522
438 677
438 458
438 546
584 67
584 69
584 97
584 105
584 128
584 130
584 134
584 181
584 235
584 266
584 278
584 328
584 359
584 400
584 447
584 502
584 527
584 528
584 636
584 592
584 644
584 711
584 680
46 614
46 267
46 201
46 540
46 66
46 346
46 659
46 162
46 165
46 238
46 696
46 496
46 116
46 65
46 235
46 236
98 21
98 66
98 574
98 399
98 189
98 674
98 192
98 279
98 348
98 589
98 522
98 177
98 556
98 339
98 696
98 702
98 210
98 162
98 226
98 434
98 509
98 127
98 452
98 312
98 533
98 272
100 587
100 513
100 401
100 617
100 404
100 533
100 138
100 386
100 393
425 9
425 183
425 240
425 268
425 436
425 686
425 676
425 699
425 624
425 687
425 601
425 507
425 651
425 684
541 9
541 23
541 31
541 47
541 91
541 199
541 227
541 347
541 418
541 432
541 512
541 514
541 578
541 575
541 584
541 550
541 579
541 647
541 651
395 23
395 47
395 76
395 110
395 113
395 168
395 183
395 212
395 216
395 381
395 631
395 663
395 513
395 521
395 535
395 541
395 550
395 429
267 9
267 34
267 51
267 61
267 114
267 121
267 136
267 140
267 158
267 181
267 184
267 199
267 228
267 234
267 682
267 643
267 422
267 280
267 391
267 672
267 586
267 701
267 550
611 9
611 34
611 62
611 126
611 153
611 156
611 177
611 215
611 219
611 253
611 280
611 397
611 408
611 455
611 456
611 484
611 495
611 575
611 654
611 701
658 9
658 76
658 162
658 208
658 265
658 271
658 289
658 295
658 335
658 356
658 406
658 423
658 456
658 470
658 495
658 525
658 534
658 600
658 660
658 701
660 9
660 249
660 256
660 259
660 311
660 317
660 327
660 338
660 412
660 430
660 494
660 495
660 496
660 525
660 529
660 602
660 608
660 611
660 675
660 701
296 20
296 58
296 97
296 191
296 262
296 273
296 564
296 639
296 299
296 660
296 575
296 495
296 423
308 16
308 132
308 155
308 225
308 289
308 290
308 642
308 468
308 392
308 701
308 495
308 319
308 707
308 311
573 57
573 64
573 69
573 190
573 196
573 300
573 305
573 315
573 316
573 350
573 445
573 498
573 543
573 560
573 561
573 563
573 575
573 593
573 685
573 577
710 10
710 114
710 139
710 172
710 200
710 327
710 338
710 376
710 471
710 531
710 590
710 603
10 574
10 83
10 55
10 400
10 558
10 470
10 11
10 399
10 539
10 582
10 351
574 19
574 31
574 140
574 163
574 215
574 248
574 251
574 276
574 302
574 308
574 348
574 390
574 441
574 467
574 512
574 548
574 559
574 707
574 586
574 682
574 642
83 108
83 399
83 707
83 601
83 318
83 248
83 654
83 358
83 203
83 493
83 682
83 441
83 462
83 623
83 280
83 453
83 349
83 277
83 249
83 445
601 10
601 128
601 135
601 162
601 253
601 278
601 279
601 333
601 348
601 382
601 450
601 457
601 458
601 480
601 528
601 554
601 677
601 641
601 653
601 619
601 609
55 457
55 547
55 280
55 373
55 117
55 121
55 170
55 128
55 213
55 504
55 110
55 145
55 146
55 150
55 692
55 371
55 383
55 118
55 57
55 648
55 149
55 710
400 91
400 133
400 179
400 217
400 263
400 398
400 587
400 419
400 683
400 686
400 533
400 590
400 443
400 597
400 708
558 13
558 81
558 82
558 108
558 185
558 199
558 214
558 295
558 304
558 306
558 312
558 349
558 398
558 400
558 452
558 585
558 609
558 598
470 17
470 20
470 107
470 182
470 194
470 280
470 289
470 331
470 397
470 601
470 615
470 546
470 580
470 614
470 537
470 524
470 669
470 506
470 553
470 705
679 10
679 13
679 34
679 119
679 145
679 156
679 250
679 271
679 278
679 289
679 292
679 323
679 387
679 421
679 526
679 536
679 608
679 654
679 711
131 10
131 39
131 94
131 680
131 201
131 247
131 629
131 661
131 640
131 609
131 515
131 292
131 578
131 426
131 253
135 10
135 46
135 102
135 104
135 119
135 122
135 126
135 131
135 557
135 638
135 189
135 567
135 348
135 333
135 631
135 614
135 691
135 162
135 587
135 192
135 144
135 207
135 226
135 420
135 565
135 585
135 238
135 548
135 538
135 181
135 707
135 282
135 244
135 702
399 56
399 139
399 144
399 162
399 178
399 557
399 674
399 473
399 550
399 681
399 504
399 441
399 422
399 551
399 421
399 466
399 609
582 44
582 53
582 100
582 117
582 178
582 194
582 230
582 235
582 335
582 393
582 417
582 528
582 552
582 560
582 579
582 581
582 630
582 654
582 599
582 589
603 10
603 205
603 232
603 291
603 310
603 331
603 376
603 378
603 388
603 389
603 408
603 454
603 522
603 591
603 664
603 658
603 699
351 70
351 106
351 184
351 185
351 289
351 303
351 695
351 710
351 603
351 578
351 708
351 572
376 10
376 25
376 67
376 70
376 79
376 115
376 142
376 255
376 342
376 414
376 585
376 605
376 714
376 409
635 11
635 84
635 142
635 158
635 163
635 165
635 175
635 215
635 239
635 253
635 332
635 342
635 411
635 419
635 433
635 448
635 530
635 590
635 600
635 677
635 701
692 34
692 61
692 90
692 96
692 128
692 130
692 144
692 223
692 242
692 255
692 274
692 281
692 334
692 386
692 391
692 422
692 508
692 547
692 574
692 618
692 652
664 11
664 101
664 122
664 228
664 361
664 393
664 423
664 535
664 544
664 563
664 661
184 11
184 131
184 584
184 371
184 483
184 244
184 375
184 532
184 283
184 369
184 482
184 194
184 376
205 11
205 29
205 180
205 184
205 688
205 516
205 495
205 394
205 710
205 242
205 373
205 538
205 351
94 222
94 274
94 507
94 532
94 681
94 319
94 590
94 587
106 11
106 29
106 33
106 256
106 588
106 117
106 520
106 471
106 362
106 510
106 122
106 710
106 497
605 11
605 26
605 62
605 78
605 161
605 278
605 392
605 530
605 561
605 591
605 710
605 670
605 682
70 11
70 61
70 71
70 217
70 321
70 493
70 562
70 670
70 131
70 338
70 531
70 190
70 623
70 658
70 240
70 320
338 131
338 233
338 297
338 314
338 450
338 637
338 680
338 607
338 389
338 679
338 350
338 615
338 351
230 11
230 41
230 55
230 131
230 345
230 702
230 319
230 710
230 607
230 260
230 575
230 381
230 304
230 376
107 29
107 91
107 561
107 197
107 216
107 529
107 437
107 165
107 698
107 533
107 558
107 145
107 383
107 152
107 633
107 562
107 508
107 531
379 11
379 49
379 75
379 104
379 124
379 158
379 250
379 259
379 351
379 363
379 707
379 448
379 441
379 477
379 699
379 698
379 418
379 672
379 539
319 11
319 57
319 63
319 122
319 559
319 415
319 425
319 701
319 598
634 11
634 48
634 79
634 129
634 144
634 158
634 192
634 253
634 275
634 298
634 304
634 379
634 441
634 450
634 491
634 577
634 587
634 668
579 47
579 77
579 115
579 154
579 197
579 201
579 212
579 216
579 236
579 283
579 312
579 318
579 379
579 468
579 516
579 519
579 520
579 537
579 561
579 655
579 606
579 690
579 665
685 131
685 179
685 227
685 260
685 306
685 328
685 339
685 357
685 385
685 560
685 582
685 584
607 55
607 60
607 187
607 209
607 357
607 574
607 613
607 630
607 641
607 656
524 54
524 59
524 75
524 90
524 113
524 246
524 264
524 297
524 318
524 431
524 456
524 488
524 589
524 576
524 658
524 580
524 603
103 26
103 62
103 87
103 101
103 426
103 692
103 475
103 120
103 224
103 222
103 137
103 252
103 605
103 630
103 644
103 672
103 386
103 388
103 683
103 287
103 417
103 178
630 117
630 181
630 241
630 256
630 353
630 428
630 483
630 526
630 556
630 566
630 617
630 627
630 676
391 28
391 51
391 58
391 87
391 123
391 181
391 182
391 244
391 285
391 306
391 322
391 323
391 328
391 332
391 341
391 352
391 554
391 556
391 703
391 645
391 671
391 509
391 606
391 608
391 652
391 520
391 548
391 696
437 12
437 135
437 217
437 228
437 292
437 524
437 546
437 578
437 623
437 698
437 706
437 580
437 517
437 505
84 12
84 13
84 15
84 377
84 433
84 146
84 328
84 655
84 517
84 273
84 239
84 86
84 136
84 589
84 432
84 364
84 548
84 697
84 308
88 12
88 37
88 43
88 221
88 201
88 287
88 615
88 381
88 493
88 176
88 324
33 12
33 18
33 28
33 183
33 517
33 710
33 555
33 321
33 697
33 247
325 59
325 142
325 202
325 229
325 237
325 391
325 454
325 365
325 369
325 522
27 429
27 623
27 334
27 91
27 171
27 517
27 272
27 239
27 515
27 329
27 68
27 37
27 582
27 568
27 218
35 12
35 25
35 377
35 282
35 550
35 561
35 344
35 72
35 297
35 610
35 247
35 378
555 27
555 28
555 43
555 102
555 239
555 249
555 267
555 299
555 303
555 323
555 325
555 329
555 515
555 553
414 12
414 31
414 77
414 79
414 108
414 116
414 153
414 197
414 210
414 223
414 294
414 312
414 331
414 372
414 406
414 668
414 530
414 647
414 680
414 481
414 604
414 535
414 701
414 496
414 569
424 14
424 89
424 155
424 223
424 244
424 287
424 523
424 550
424 632
480 12
480 18
480 108
480 201
480 222
480 332
480 371
480 648
480 680
480 701
480 492
480 670
480 582
480 678
235 92
235 135
235 152
235 206
235 714
235 373
235 561
235 564
235 594
235 485
235 660
235 625
235 669
235 664
235 372
235 263
235 619
235 332
235 449
235 463
589 63
589 79
589 102
589 104
589 135
589 243
589 259
589 381
589 389
589 429
589 448
589 476
589 498
589 502
589 536
589 545
589 613
589 614
513 12
513 23
513 47
513 91
513 99
513 112
513 147
513 153
513 188
513 194
513 283
513 287
513 298
513 314
513 323
513 331
513 459
513 475
513 682
513 654
513 572
513 551
513 549
513 514
513 527
513 550
513 604
513 580
97 12
97 19
97 61
97 96
97 592
97 405
97 328
97 703
97 282
97 130
97 570
97 580
97 682
97 650
463 12
463 16
463 35
463 46
463 70
463 77
463 140
463 148
463 174
463 182
463 207
463 213
463 260
463 338
463 372
463 383
463 403
463 406
463 407
463 413
463 419
463 454
463 558
463 569
463 671
463 581
463 635
463 532
43 14
43 33
43 38
43 85
43 548
43 517
43 273
43 327
43 604
43 482
43 122
43 251
43 262
43 560
43 64
707 13
707 23
707 49
707 61
707 67
707 70
707 85
707 98
707 140
707 162
707 163
707 165
707 180
707 192
707 251
707 273
707 304
707 307
707 316
707 344
707 378
707 380
707 436
707 450
707 500
707 522
707 536
707 570
707 571
707 577
707 593
707 600
707 606
707 634
707 680
707 682
673 39
673 118
673 141
673 183
673 193
673 206
673 237
673 243
673 258
673 263
673 302
673 368
673 370
673 443
673 484
673 535
673 573
673 595
673 709
673 711
673 694
381 13
381 34
381 45
381 72
381 110
381 155
381 171
381 188
381 208
381 210
381 244
381 253
381 264
381 267
381 283
381 285
381 314
381 343
381 345
381 379
381 526
381 550
381 648
381 491
381 534
381 414
381 410
381 416
381 527
381 474
381 647
381 520
381 685
381 497
381 610
381 448
381 614
398 46
398 60
398 62
398 148
398 174
398 241
398 252
398 266
398 376
398 632
398 585
398 621
398 450
398 594
62 13
62 46
62 512
62 686
62 618
62 116
62 585
62 496
62 68
62 144
62 419
62 255
62 315
62 307
62 556
62 485
81 13
81 15
81 56
81 68
81 466
81 485
81 398
81 103
81 85
81 666
81 422
81 116
81 271
312 13
312 85
312 185
312 198
312 275
312 307
312 475
312 632
312 648
312 684
312 335
312 573
466 13
466 17
466 20
466 46
466 51
466 68
466 82
466 188
466 398
466 545
466 626
466 485
392 13
392 26
392 46
392 61
392 116
392 195
392 207
392 248
392 346
392 349
392 382
392 436
392 575
392 466
392 564
392 437
392 435
392 558
392 594
392 610
392 621
392 440
185 13
185 20
185 36
185 58
185 60
185 62
185 78
185 82
185 304
185 564
185 349
185 392
185 616
185 452
185 555
185 303
185 310
626 13
626 17
626 46
626 51
626 144
626 151
626 251
626 253
626 273
626 346
626 396
626 511
626 581
66 62
66 269
66 641
66 642
66 558
66 529
66 71
66 447
66 298
66 532
66 349
66 617
349 52
349 62
349 82
349 116
349 158
349 177
349 269
349 291
349 312
349 337
349 570
349 585
349 596
349 626
349 500
349 573
349 547
349 419
349 475
349 565
349 527
585 13
585 52
585 68
585 81
585 82
585 101
585 105
585 107
585 185
585 227
585 319
585 330
585 346
585 366
585 414
585 481
585 484
585 490
585 495
585 496
585 503
585 583
585 596
585 626
585 656
68 32
68 46
68 52
68 502
68 485
68 583
68 544
52 29
52 545
52 600
52 392
52 626
52 398
52 596
52 78
52 56
52 105
52 62
52 81
52 345
52 58
52 70
570 71
570 75
570 86
570 103
570 120
570 152
570 204
570 245
570 282
570 325
570 331
570 337
570 386
570 406
570 409
570 426
570 434
570 444
570 458
570 479
570 518
570 565
570 577
570 623
570 586
570 672
570 637
570 573
570 680
570 636
505 13
505 94
505 307
505 317
505 318
505 320
505 396
505 438
505 488
505 512
505 692
505 562
505 582
505 597
505 617
505 623
505 681
610 17
610 127
610 174
610 192
610 202
610 242
610 270
610 283
610 287
610 289
610 316
610 322
610 369
610 404
610 414
610 519
610 530
610 535
610 580
610 648
610 706
299 242
299 249
299 267
299 606
299 575
299 596
299 485
299 611
299 628
299 701
299 700
299 696
299 417
299 492
299 665
299 463
299 508
18 13
18 14
18 713
18 434
18 256
18 38
18 90
18 352
18 648
18 546
18 193
18 406
18 119
18 383
18 334
18 427
18 28
18 571
18 705
18 603
121 13
121 104
121 117
121 608
121 570
121 630
121 309
121 692
121 402
121 525
121 199
121 353
121 244
121 287
121 424
121 432
469 13
469 16
469 110
469 138
469 141
469 177
469 182
469 230
469 354
469 457
469 547
469 551
469 632
469 633
469 666
469 695
73 33
73 545
73 554
73 170
73 706
73 542
73 543
73 198
73 288
73 135
73 221
73 248
73 168
73 599
73 646
73 661
73 665
117 51
117 60
117 557
117 570
117 422
117 266
117 598
117 685
117 273
117 701
117 365
117 660
117 134
117 346
117 661
117 445
435 13
435 68
435 73
435 159
435 329
435 377
170 13
170 114
170 130
170 138
170 600
170 556
170 565
170 630
170 221
170 245
170 219
170 224
170 660
170 461
170 384
170 199
170 204
170 542
170 665
485 69
485 148
485 221
485 304
485 312
485 313
485 322
485 441
485 473
485 596
485 583
485 632
485 499
485 603
562 31
562 37
562 42
562 57
562 77
562 125
562 156
562 200
562 222
562 228
562 276
562 291
562 305
562 317
562 336
562 340
562 389
562 409
562 411
562 413
562 433
562 440
562 531
562 560
562 629
696 67
696 77
696 100
696 163
696 174
696 183
696 184
696 201
696 232
696 307
696 364
696 387
696 427
696 440
696 530
696 560
696 617
696 621
696 671
696 685
318 14
318 49
318 98
318 119
318 220
318 227
318 231
318 234
318 267
318 298
318 554
318 587
318 691
318 434
318 567
318 411
318 369
318 513
318 535
565 59
565 117
565 201
565 258
565 274
565 382
565 403
565 458
565 560
565 692
565 703
565 655
565 606
565 648
565 566
565 569
67 14
67 51
67 619
67 565
67 322
67 96
67 130
67 405
67 257
67 277
67 607
67 189
67 71
67 222
67 278
67 442
67 414
67 468
105 14
105 559
105 577
105 336
105 526
105 121
105 199
105 687
105 409
105 426
105 371
105 540
105 126
105 680
105 158
105 609
105 354
105 538
105 544
105 119
105 509
105 382
105 155
105 271
105 532
105 710
320 60
320 100
320 114
320 132
320 133
320 265
320 457
320 469
320 539
320 548
320 550
320 561
320 622
320 704
320 528
320 390
320 597
320 559
320 449
320 420
320 448
320 445
320 492
320 332
580 14
580 17
580 21
580 39
580 107
580 115
580 139
580 152
580 292
580 316
580 361
580 428
580 492
580 505
580 506
580 533
580 536
580 546
580 606
580 621
216 22
216 30
216 144
216 149
216 204
216 268
216 530
216 548
216 561
216 468
216 369
216 661
216 305
171 103
171 257
171 676
171 550
171 575
171 654
171 637
171 657
171 674
171 415
171 344
171 458
171 247
171 299
171 445
240 26
240 79
240 118
240 119
240 141
240 160
240 186
240 233
240 526
240 672
240 469
240 268
240 362
240 303
240 400
240 442
240 538
240 289
240 669
240 372
240 439
690 69
690 121
690 155
690 320
690 338
690 381
690 383
690 395
690 410
690 436
690 467
690 468
690 597
690 615
690 645
690 648
690 669
690 680
690 687
690 689
690 708
249 14
249 28
249 33
249 43
249 48
249 81
249 92
249 102
249 228
249 247
249 619
249 450
249 580
249 571
249 594
249 268
249 556
249 296
249 643
249 372
271 14
271 16
271 21
271 24
271 191
271 251
271 294
271 441
271 520
271 639
271 479
271 507
271 605
271 417
271 495
236 14
236 23
236 102
236 587
236 450
236 649
236 384
236 276
236 387
236 648
236 289
423 14
423 43
423 132
423 143
423 193
423 197
423 208
423 316
423 332
423 372
423 609
423 670
373 47
373 60
373 69
373 76
373 118
373 129
373 220
373 255
373 266
373 281
373 344
373 368
373 547
373 672
373 626
373 447
373 464
373 537
373 402
272 15
272 43
272 84
272 123
272 144
272 159
272 247
272 436
272 409
272 527
272 618
272 416
272 581
272 697
272 555
272 671
41 15
41 28
41 35
41 588
41 255
41 164
41 535
41 273
41 544
41 43
41 515
41 581
41 387
41 134
41 564
41 479
41 408
41 568
41 193
41 701
41 235
23 15
23 101
23 642
23 410
23 453
23 530
23 418
23 578
23 110
23 680
23 579
23 648
23 620
23 132
23 704
23 188
23 694
23 171
23 468
23 689
23 210
23 653
23 390
23 684
23 503
23 471
23 160
23 357
23 484
23 142
23 478
23 199
23 487
23 205
23 599
23 483
23 376
23 584
23 27
23 233
23 165
23 656
23 429
23 119
23 625
175 23
175 47
175 50
175 106
175 520
175 680
175 290
175 654
175 652
175 534
175 425
175 330
175 612
175 490
175 241
175 284
301 15
301 159
301 173
301 268
301 291
301 633
301 375
301 573
301 646
301 661
301 568
301 502
301 387
301 393
301 463
503 15
503 98
503 210
503 229
503 233
503 244
503 255
503 374
503 482
503 549
503 608
503 513
503 620
294 16
294 102
294 122
294 124
294 152
294 189
294 207
294 536
294 554
294 587
294 707
294 434
294 450
294 482
294 303
333 73
333 102
333 124
333 125
333 140
333 158
333 197
333 204
333 257
333 279
333 313
333 567
333 624
333 448
333 691
333 693
333 359
333 467
333 379
333 644
333 687
333 469
662 55
662 60
662 97
662 117
662 134
662 266
662 274
662 280
662 289
662 306
662 391
662 476
662 506
662 547
662 565
662 584
662 687
195 16
195 22
195 23
195 36
195 112
195 128
195 149
195 419
195 436
195 643
195 683
195 550
195 690
195 244
195 689
195 688
195 585
195 551
195 212
195 458
195 474
21 17
21 441
21 462
21 552
21 521
21 42
21 175
21 529
21 501
21 107
21 621
21 190
21 361
21 323
21 470
21 290
21 359
21 619
21 23
21 322
21 165
21 65
21 169
355 16
355 23
355 34
355 111
355 127
355 169
355 282
355 339
355 674
355 490
355 652
355 495
355 543
201 16
201 23
201 28
201 36
201 75
201 77
201 153
201 173
201 188
201 211
201 237
201 425
201 461
201 548
201 622
201 534
201 357
201 528
201 684
201 524
201 606
201 552
231 73
231 79
231 105
231 114
231 157
231 183
231 509
231 373
231 421
231 366
231 446
231 676
231 369
231 507
231 678
231 633
231 542
231 341
231 436
231 342
231 494
48 16
48 41
48 83
48 248
48 377
48 163
48 162
48 215
48 707
48 635
48 512
48 587
48 65
48 209
48 103
48 442
48 285
48 499
48 619
48 166
48 713
48 337
48 403
48 107
48 665
413 16
413 89
413 144
413 153
413 171
413 219
413 265
413 270
413 283
413 329
413 380
413 389
413 438
413 662
413 513
413 491
413 541
413 479
413 633
413 497
413 710
522 79
522 86
522 102
522 104
522 135
522 144
522 162
522 287
522 294
522 326
522 348
522 357
522 360
522 379
522 434
522 436
522 482
522 486
522 554
522 635
522 631
522 545
522 653
522 571
522 601
522 682
522 713
675 16
675 47
675 114
675 145
675 156
675 169
675 173
675 355
675 479
675 480
675 560
675 589
675 649
675 658
311 16
311 73
311 138
311 177
311 197
311 611
311 701
311 458
311 359
311 391
32 16
32 20
32 80
32 114
32 662
32 328
32 521
32 57
32 579
32 89
32 272
32 69
32 516
32 373
32 506
32 207
32 562
32 317
32 463
316 17
316 21
316 45
316 65
316 89
316 107
316 115
316 153
316 214
316 288
316 399
316 546
316 612
316 323
316 698
316 621
316 404
316 366
190 17
190 19
190 100
190 107
190 162
190 165
190 167
190 170
190 184
190 546
190 437
190 529
190 533
190 214
190 612
190 610
190 501
190 296
190 676
190 382
190 617
190 252
190 580
529 23
529 49
529 115
529 116
529 186
529 210
529 268
529 330
529 374
529 385
529 411
529 435
529 464
529 517
529 689
529 612
529 664
361 73
361 107
361 115
361 148
361 152
361 190
361 353
361 707
361 636
361 453
361 533
361 623
361 581
361 487
361 445
115 17
115 21
115 99
115 654
115 546
115 165
115 506
115 424
115 679
115 273
115 544
506 17
506 50
506 104
506 155
506 234
506 235
506 381
506 404
506 575
506 579
506 529
506 623
506 652
506 558
506 661
501 65
501 115
501 144
501 203
501 205
501 246
501 410
501 635
501 643
501 546
501 580
533 17
533 37
533 96
533 165
533 264
533 291
533 314
533 437
533 506
533 511
533 529
533 591
533 657
533 661
323 35
323 107
323 170
323 190
323 251
323 308
323 674
323 340
323 342
323 525
323 531
323 641
291 33
291 42
291 140
291 141
291 179
291 182
291 183
291 238
291 464
291 563
291 683
291 670
291 656
291 342
291 454
291 569
291 661
454 27
454 113
454 249
454 269
454 353
454 381
454 398
454 436
454 447
454 680
454 644
454 508
287 22
287 50
287 99
287 154
287 210
287 235
287 520
287 527
287 530
287 550
287 575
287 647
287 690
287 579
287 503
287 416
287 329
287 460
287 708
287 302
287 681
287 453
287 542
287 661
624 63
624 71
624 73
624 79
624 86
624 118
624 135
624 162
624 207
624 248
624 256
624 313
624 368
624 436
624 450
624 483
624 512
624 549
624 574
624 583
624 589
624 626
624 672
624 653
591 60
591 79
591 106
591 132
591 158
591 255
591 376
591 436
591 457
591 531
591 704
591 710
214 21
214 42
214 59
214 107
214 209
214 434
214 436
214 588
214 580
214 698
214 529
214 348
214 603
214 633
214 616
214 506
713 53
713 77
713 103
713 124
713 135
713 166
713 229
713 417
713 482
713 501
713 512
713 518
713 537
713 587
713 600
713 661
713 662
713 673
713 714
434 82
434 83
434 85
434 88
434 144
434 158
434 259
434 273
434 277
434 313
434 320
434 340
434 346
434 713
434 567
434 482
434 472
434 530
434 521
434 440
434 617
434 528
434 496
434 495
434 671
436 18
436 86
436 98
436 120
436 197
436 220
436 259
436 305
436 307
436 313
436 318
436 328
436 333
436 348
436 361
436 372
436 399
436 411
436 536
436 554
436 559
436 473
436 481
256 31
256 39
256 40
256 44
256 54
256 59
256 74
256 75
256 76
256 82
256 90
256 116
256 183
256 190
256 242
256 246
256 707
256 281
256 488
256 264
256 270
256 269
256 608
256 435
256 278
256 524
256 343
256 345
256 562
256 702
352 69
352 101
352 116
352 117
352 125
352 150
352 204
352 261
352 268
352 274
352 322
352 677
352 556
352 565
352 627
352 643
352 644
352 507
352 618
352 700
352 521
352 650
352 410
648 118
648 122
648 127
648 177
648 188
648 283
648 369
648 395
648 513
648 528
648 538
648 550
648 615
648 618
648 645
648 653
648 680
193 79
193 142
193 328
193 489
193 216
193 277
193 544
193 228
193 518
193 668
193 598
193 307
406 34
406 101
406 138
406 189
406 219
406 328
406 345
406 613
406 485
406 515
542 18
542 90
542 100
542 113
542 125
542 143
542 206
542 216
542 243
542 295
542 297
542 332
542 347
542 364
542 420
542 431
542 442
542 460
542 505
542 530
542 548
542 685
542 675
542 688
542 569
542 629
542 661
484 18
484 124
484 133
484 210
484 428
484 458
484 520
484 618
484 653
484 622
484 630
484 659
484 628
484 582
708 18
708 28
708 61
708 83
708 89
708 122
708 194
708 195
708 254
708 348
708 372
708 416
708 516
708 542
708 614
708 629
708 634
708 636
708 669
708 671
708 672
708 696
427 96
427 122
427 166
427 331
427 342
427 381
427 536
427 569
427 665
178 18
178 61
178 173
178 379
178 495
178 566
178 196
178 508
178 182
178 649
178 194
705 19
705 37
705 122
705 281
705 307
705 316
705 445
705 456
705 560
705 562
705 572
705 579
705 642
705 653
705 665
705 683
327 19
327 47
327 51
327 79
327 85
327 118
327 137
327 158
327 162
327 201
327 251
327 271
327 313
327 559
327 577
327 587
327 614
327 631
327 693
327 669
327 334
327 436
327 450
327 472
327 571
327 493
327 665
19 707
19 399
19 336
19 567
19 250
19 318
19 63
19 360
19 162
19 619
19 48
19 713
19 166
19 108
19 455
19 528
19 432
19 607
19 469
19 135
19 313
19 441
19 181
19 127
19 22
19 27
19 73
19 661
298 19
298 23
298 68
298 88
298 94
298 144
298 215
298 245
298 253
298 255
298 265
298 281
298 457
298 693
298 336
298 681
298 706
298 308
298 542
298 451
298 627
298 632
298 369
298 626
298 661
336 135
336 162
336 174
336 253
336 282
336 295
336 587
336 631
336 379
336 396
336 690
336 490
336 467
336 646
577 19
577 58
577 63
577 129
577 213
577 302
577 512
577 522
577 536
577 714
577 590
577 681
577 682
577 704
250 69
250 70
250 102
250 189
250 215
250 512
250 587
250 502
250 441
250 257
250 683
250 306
250 470
250 253
250 374
250 490
250 269
250 663
250 370
250 637
250 566
63 60
63 536
63 502
63 606
63 559
63 104
63 215
63 554
63 250
63 163
63 522
63 144
63 220
63 512
63 433
63 504
63 375
63 357
63 680
63 167
63 693
63 707
63 490
63 485
63 437
360 36
360 83
360 112
360 135
360 144
360 207
360 252
360 336
360 557
360 600
360 614
360 707
360 714
360 434
360 379
360 582
360 609
360 412
162 28
162 79
162 86
162 105
162 111
162 145
162 606
162 619
162 635
162 294
162 448
162 377
162 714
162 192
162 502
162 348
162 536
162 436
162 272
162 344
162 426
162 454
162 437
162 485
162 281
162 469
162 414
162 618
162 259
162 433
162 181
162 280
162 233
162 308
162 305
86 19
86 67
86 574
86 374
86 567
86 512
86 462
86 631
86 693
86 433
86 460
86 632
86 556
86 600
86 601
86 682
86 707
86 250
86 181
86 483
86 400
86 561
86 612
251 19
251 71
251 83
251 98
251 144
251 151
251 157
251 172
251 189
251 614
251 587
251 714
251 677
251 462
251 533
251 630
251 669
251 588
251 433
251 436
251 628
619 89
619 122
619 129
619 158
619 161
619 205
619 212
619 226
619 253
619 449
619 490
619 545
619 589
619 600
619 635
619 714
220 19
220 49
220 73
220 144
220 207
220 522
220 682
220 691
220 693
220 536
220 390
220 442
220 388
220 450
220 353
220 240
220 243
220 458
220 658
220 670
151 19
151 21
151 123
151 152
151 377
151 336
151 577
151 634
151 527
151 223
151 318
151 340
151 379
151 434
151 654
151 343
151 456
151 595
151 402
151 681
368 19
368 61
368 167
368 193
368 226
368 313
368 574
368 587
368 713
368 425
368 588
368 684
368 438
368 441
368 500
368 385
368 575
368 657
368 378
108 48
108 69
108 79
108 536
108 124
108 129
108 554
108 468
108 174
108 379
108 419
108 687
34 19
34 627
34 460
34 186
34 712
34 465
34 412
34 348
34 423
34 421
34 229
34 699
34 221
34 594
34 664
34 628
34 701
34 295
34 311
34 345
34 417
34 495
245 19
245 51
245 105
245 191
245 222
245 556
245 586
245 627
245 529
245 372
245 553
245 255
245 285
245 534
245 561
245 476
245 260
245 307
528 22
528 112
528 129
528 161
528 182
528 221
528 316
528 329
528 471
528 491
528 505
528 522
528 687
528 663
528 620
528 651
528 571
504 19
504 122
504 124
504 126
504 274
504 363
504 445
504 649
504 666
504 572
504 694
504 665
504 702
587 19
587 44
587 79
587 85
587 201
587 215
587 220
587 248
587 259
587 260
587 326
587 328
587 331
587 333
587 339
587 436
587 522
587 536
587 547
587 631
587 590
587 601
587 691
587 707
441 124
441 151
441 251
441 263
441 266
441 293
441 314
441 326
441 346
441 351
441 393
441 434
441 554
441 674
441 482
441 693
441 589
441 501
441 653
441 507
441 709
441 444
441 708
71 19
71 55
71 65
71 144
71 114
71 353
71 111
71 584
71 508
71 211
71 384
71 398
71 101
71 687
71 221
71 268
71 391
71 695
71 240
71 356
71 392
71 346
136 19
136 83
136 95
136 128
136 134
136 565
136 627
136 391
136 285
136 400
136 691
136 244
136 266
136 409
136 642
136 346
136 407
136 665
309 19
309 96
309 101
309 102
309 114
309 148
309 153
309 170
309 199
309 280
309 570
309 687
309 651
309 559
309 458
309 345
263 19
263 26
263 93
263 95
263 183
263 234
263 433
263 547
263 285
263 632
263 649
263 315
263 604
263 578
549 20
549 54
549 75
549 90
549 132
549 173
549 175
549 207
549 248
549 252
549 256
549 269
549 270
549 354
549 487
549 509
549 524
549 526
549 538
549 588
576 21
576 24
576 40
576 54
576 74
576 75
576 76
576 80
576 132
576 256
576 413
576 488
576 559
576 595
576 588
576 644
576 579
24 20
24 144
24 256
24 549
24 264
24 44
24 330
24 224
24 205
24 664
24 281
24 552
24 59
24 630
24 257
24 182
24 389
24 571
552 20
552 40
552 44
552 54
552 59
552 165
552 241
552 256
552 281
552 319
552 334
552 361
552 442
552 475
552 524
552 616
552 583
552 560
627 55
627 69
627 127
627 146
627 150
627 153
627 170
627 181
627 257
627 278
627 280
627 306
627 309
627 313
627 383
627 405
627 447
627 449
627 460
627 472
627 505
627 522
627 547
627 579
627 588
627 597
627 692
627 647
257 30
257 72
257 100
257 102
257 155
257 502
257 471
257 438
257 403
257 464
257 511
257 651
257 478
307 20
307 95
307 111
307 140
307 288
307 301
307 525
307 646
307 661
307 393
307 562
307 641
307 429
307 352
486 143
486 272
486 372
486 444
486 592
486 596
486 701
586 21
586 26
586 51
586 56
586 103
586 117
586 177
586 280
586 292
586 386
586 389
586 416
586 424
586 467
586 497
586 512
586 566
586 692
586 636
586 687
586 596
586 661
521 23
521 177
521 212
521 243
521 362
521 418
521 535
521 637
521 648
521 582
521 537
521 701
42 23
42 31
42 703
42 519
42 550
42 287
42 275
42 325
42 47
42 575
42 579
42 618
42 458
42 247
42 169
260 21
260 42
260 336
260 543
260 655
260 508
290 23
290 26
290 50
290 101
290 172
290 195
290 210
290 619
290 514
290 519
290 548
290 654
290 704
290 549
290 598
248 21
248 66
248 81
248 102
248 152
248 162
248 186
248 224
248 601
248 707
248 368
248 377
248 713
248 606
248 702
248 372
248 285
248 333
248 436
248 570
248 469
248 685
248 439
359 169
359 181
359 250
359 512
359 632
359 493
359 669
104 21
104 98
104 536
104 587
104 606
104 631
104 189
104 327
104 108
104 473
104 151
104 259
104 411
104 648
104 276
104 325
104 273
104 436
104 415
104 361
104 277
104 252
104 317
104 449
322 88
322 199
322 206
322 264
322 556
322 570
322 586
322 592
322 687
322 449
322 664
322 701
322 661
65 677
65 136
65 320
65 165
65 371
65 258
65 128
65 107
65 420
670 21
670 60
670 88
670 135
670 208
670 347
670 402
670 420
670 421
670 438
670 463
670 474
670 486
670 517
670 567
670 587
670 599
445 21
445 28
445 65
445 70
445 103
445 122
445 126
445 135
445 162
445 196
445 207
445 223
445 249
445 287
445 332
445 359
445 372
445 393
445 431
445 651
445 706
445 562
445 625
445 696
445 599
445 595
445 553
445 643
445 458
490 65
490 85
490 144
490 161
490 189
490 226
490 434
490 483
490 522
490 577
490 682
490 644
490 500
390 22
390 57
390 218
390 232
390 271
390 307
390 565
390 396
390 622
390 546
390 462
390 458
390 471
390 582
390 531
212 23
212 92
212 160
212 631
212 678
212 651
212 455
212 479
212 451
212 643
212 533
212 292
212 458
210 22
210 30
210 42
210 45
210 91
210 143
210 156
210 391
210 550
210 424
210 432
210 315
210 494
210 230
210 402
210 469
210 386
210 317
210 581
655 22
655 86
655 125
655 223
655 279
655 284
655 314
655 381
655 383
655 466
655 536
704 195
704 293
704 388
704 441
704 458
704 487
704 491
704 503
704 527
704 534
704 579
704 605
704 615
704 622
704 647
31 23
31 514
31 620
31 283
31 343
31 390
31 493
31 297
31 364
31 625
31 699
31 324
31 548
31 496
31 198
512 65
512 80
512 120
512 167
512 189
512 267
512 361
512 415
512 677
512 691
512 589
512 601
512 651
512 639
431 22
431 113
431 127
431 161
431 222
431 336
431 342
431 440
431 677
431 650
431 625
348 63
348 108
348 129
348 319
348 322
348 325
348 512
348 587
348 619
348 707
348 714
348 408
348 652
510 34
510 39
510 159
510 177
510 271
510 289
510 327
510 379
510 411
510 435
510 486
510 525
101 96
101 181
101 373
101 460
101 592
101 391
101 644
101 268
101 150
101 267
101 643
101 120
101 692
101 422
101 121
101 392
101 261
101 590
101 465
101 307
101 677
101 381
101 123
101 136
101 703
101 222
101 383
101 540
101 156
101 625
409 23
409 55
409 61
409 63
409 69
409 138
409 251
409 262
409 267
409 274
409 280
409 332
409 385
409 586
409 703
409 517
409 561
535 23
535 42
535 175
535 212
535 289
535 320
535 349
535 381
535 437
535 458
535 514
535 575
535 539
535 561
535 550
535 637
326 23
326 153
326 195
326 199
326 304
326 547
326 643
326 579
326 654
326 680
326 513
326 380
326 493
326 631
326 381
410 43
410 105
410 173
410 301
410 345
410 487
410 592
410 620
410 648
410 680
344 23
344 31
344 47
344 119
344 169
344 216
344 634
344 638
344 513
344 534
344 381
344 517
344 380
344 499
344 402
344 532
519 23
519 30
519 176
519 195
519 196
519 234
519 263
519 281
519 293
519 410
519 476
519 491
519 650
519 534
519 690
519 652
519 528
519 655
519 568
519 575
519 680
519 704
519 646
530 35
530 36
530 210
530 258
530 389
530 390
530 417
530 439
530 440
530 467
530 511
530 548
530 537
530 575
530 646
637 23
637 39
637 50
637 99
637 100
637 191
637 265
637 324
637 373
637 418
637 434
637 514
637 562
637 575
637 668
637 688
168 23
168 29
168 153
168 160
168 166
168 294
168 549
168 263
168 520
168 534
168 541
168 550
168 579
168 622
168 680
168 424
168 690
168 381
168 374
168 279
168 382
168 359
168 247
168 175
168 201
168 685
680 25
680 31
680 42
680 55
680 86
680 100
680 152
680 194
680 197
680 213
680 247
680 303
680 305
680 329
680 365
680 366
680 397
680 430
680 440
680 443
680 481
680 527
680 530
680 550
680 576
680 578
680 634
680 647
680 654
680 694
680 685
620 36
620 75
620 94
620 106
620 138
620 209
620 210
620 232
620 287
620 315
620 376
620 413
620 468
620 562
620 587
620 688
132 57
132 104
132 714
132 615
132 528
132 579
132 680
132 655
132 155
132 154
132 197
132 381
132 458
132 568
132 609
132 254
112 23
112 31
112 522
112 549
112 527
112 292
112 467
112 290
112 326
112 625
112 515
112 393
112 508
112 558
112 647
112 689
112 314
112 414
112 506
474 23
474 34
474 161
474 166
474 244
474 327
474 446
474 713
474 570
474 507
474 520
474 534
474 647
474 684
474 558
474 595
188 49
188 105
188 112
188 117
188 135
188 336
188 563
188 447
188 530
188 535
188 539
188 690
188 688
188 227
188 476
188 247
188 630
188 286
188 258
188 418
188 681
694 57
694 63
694 97
694 171
694 188
694 189
694 287
694 317
694 378
694 424
694 505
694 512
694 523
694 545
694 586
694 704
292 23
292 40
292 549
292 547
292 662
292 403
292 520
292 293
292 453
292 514
292 498
292 381
468 29
468 37
468 188
468 192
468 287
468 317
468 402
468 450
468 458
468 576
468 514
468 528
468 540
468 492
468 486
689 28
689 39
689 50
689 104
689 189
689 225
689 300
689 321
689 349
689 381
689 386
689 395
689 413
689 429
689 453
689 457
689 476
689 514
689 550
689 604
689 650
689 655
689 699
653 30
653 31
653 122
653 160
653 246
653 247
653 254
653 266
653 339
653 381
653 453
653 470
653 494
653 501
653 622
653 637
653 650
653 668
653 662
653 656
653 659
684 42
684 64
684 81
684 160
684 162
684 168
684 177
684 249
684 287
684 458
684 486
684 489
684 514
684 520
684 530
684 541
684 547
684 617
684 664
357 26
357 177
357 279
357 601
357 613
357 561
357 575
357 622
357 647
357 378
357 392
357 381
357 414
357 675
526 23
526 24
526 38
526 39
526 59
526 75
526 150
526 242
526 269
526 281
526 343
526 359
526 472
526 487
526 489
526 552
526 588
526 615
526 647
375 23
375 173
375 194
375 246
375 276
375 299
375 311
375 344
375 352
375 369
375 667
375 507
375 548
375 637
375 571
375 628
375 701
375 510
375 525
375 553
375 490
375 386
375 398
375 698
375 406
478 62
478 103
478 151
478 186
478 247
478 296
478 322
478 332
478 535
478 661
478 665
478 669
478 597
446 23
446 182
446 194
446 256
446 295
446 302
446 333
446 342
446 370
446 383
446 638
446 632
446 683
446 662
446 626
446 541
446 550
487 44
487 49
487 54
487 59
487 72
487 80
487 90
487 93
487 137
487 160
487 172
487 200
487 269
487 281
487 329
487 472
487 588
487 552
487 488
599 29
599 106
599 143
599 187
599 194
599 322
599 367
599 423
599 573
599 624
599 600
599 661
599 702
483 26
483 69
483 77
483 111
483 128
483 137
483 156
483 167
483 221
483 277
483 283
483 305
483 373
483 428
483 556
483 567
483 625
233 58
233 134
233 141
233 182
233 229
233 487
233 649
233 676
233 695
233 339
233 640
233 296
233 507
233 466
233 303
233 420
125 23
125 42
125 92
125 220
125 556
125 223
125 560
125 629
125 574
125 246
125 640
125 507
150 23
150 59
150 64
150 67
150 77
150 592
150 181
150 428
150 405
150 644
150 386
150 309
150 672
150 221
150 282
150 572
150 471
150 291
150 257
150 268
150 274
150 464
150 188
150 499
150 629
150 338
229 23
229 36
229 50
229 73
229 90
229 95
229 110
229 155
229 164
229 182
229 187
229 211
229 632
229 683
229 263
229 446
229 447
229 645
229 291
229 354
229 469
229 663
229 590
229 359
229 275
229 361
229 703
229 509
229 238
229 625
229 351
663 23
663 33
663 95
663 102
663 112
663 118
663 144
663 240
663 269
663 309
663 425
663 491
663 550
663 581
663 631
663 674
663 700
663 676
540 23
540 31
540 62
540 68
540 79
540 120
540 133
540 137
540 360
540 392
540 436
540 441
540 516
540 587
540 627
540 649
540 637
540 585
540 545
143 23
143 37
143 85
143 94
143 96
143 124
143 577
143 273
143 598
143 404
143 367
143 632
143 245
143 619
143 235
143 372
265 23
265 170
265 171
265 245
265 500
265 514
265 534
265 575
265 688
265 283
265 355
265 507
265 381
625 182
625 183
625 244
625 254
625 344
625 345
625 366
625 367
625 400
625 401
625 403
625 519
625 553
625 560
625 569
625 633
332 23
332 122
332 176
332 178
332 215
332 224
332 254
332 303
332 639
332 665
332 402
332 598
332 340
332 464
332 615
332 479
332 541
144 31
144 79
144 86
144 90
144 104
144 118
144 129
144 536
144 333
144 441
144 613
144 158
144 477
144 215
144 707
144 250
144 419
144 567
144 635
144 162
144 577
144 713
144 545
144 482
144 502
144 248
144 512
144 294
144 438
144 641
144 417
144 689
144 184
144 406
144 572
144 673
144 334
144 195
144 304
144 494
224 65
224 87
224 96
224 97
224 117
224 120
224 134
224 144
224 150
224 556
224 644
224 623
224 630
224 278
224 592
224 498
224 306
224 409
224 315
224 344
224 438
224 521
224 427
224 638
224 483
224 389
224 555
76 24
76 33
76 46
76 54
76 524
76 549
76 246
76 281
76 509
76 454
76 527
76 239
76 472
76 141
76 525
76 218
371 24
371 29
371 101
371 136
371 146
371 181
371 192
371 225
371 267
371 274
371 307
371 317
371 334
371 636
371 703
371 592
371 630
371 713
371 537
371 653
371 440
389 81
389 91
389 123
389 277
389 318
389 324
389 386
389 436
389 678
389 535
389 575
389 453
389 574
389 612
102 63
102 84
102 85
102 512
102 587
102 613
102 327
102 601
102 251
102 448
102 677
102 577
102 318
102 129
102 619
102 638
102 253
102 614
102 606
102 192
102 155
102 681
102 146
102 208
102 390
102 225
102 377
102 450
102 281
102 556
102 187
102 400
102 300
703 105
703 134
703 141
703 192
703 218
703 254
703 304
703 363
703 403
703 426
703 541
703 547
703 586
703 616
703 623
703 639
703 647
703 688
703 710
146 25
146 47
146 69
146 96
146 97
146 132
146 219
146 353
146 623
146 564
146 582
146 541
146 276
146 210
146 204
146 475
146 580
146 581
197 25
197 31
197 105
197 112
197 153
197 185
197 250
197 519
197 530
197 539
197 575
197 650
197 710
197 460
197 210
197 244
197 365
197 455
197 332
258 95
258 98
258 159
258 170
258 182
258 190
258 238
258 536
258 294
258 441
258 450
258 644
258 554
258 330
258 291
258 370
258 507
258 458
258 529
123 55
123 70
123 71
123 117
123 121
123 623
123 255
123 464
123 428
123 353
123 498
123 636
123 419
123 605
123 182
123 164
123 552
123 671
123 602
123 487
123 170
123 266
123 371
123 382
123 538
123 580
123 194
666 26
666 38
666 53
666 133
666 141
666 164
666 174
666 182
666 183
666 187
666 200
666 203
666 229
666 233
666 256
666 263
666 290
666 363
666 385
666 435
666 508
666 591
666 649
666 663
699 26
699 33
699 49
699 91
699 95
699 182
699 251
699 342
699 351
699 367
699 372
699 417
699 576
699 589
699 593
699 597
699 632
699 707
676 26
676 133
676 141
676 202
676 258
676 262
676 326
676 350
676 391
676 487
676 598
676 606
676 711
676 683
678 26
678 53
678 118
678 142
678 163
678 177
678 192
678 243
678 265
678 305
678 385
678 530
678 585
678 633
645 28
645 75
645 187
645 238
645 309
645 369
645 371
645 379
645 394
645 451
645 470
645 515
645 555
645 629
645 633
645 641
645 649
645 709
374 26
374 58
374 108
374 149
374 522
374 577
374 590
374 635
374 619
374 375
374 495
374 430
616 53
616 102
616 134
616 361
616 377
616 513
616 529
616 556
616 581
616 702
133 26
133 50
133 691
133 556
133 623
133 489
133 206
133 695
133 663
133 179
133 313
133 407
133 653
133 649
133 183
133 263
133 165
133 176
133 310
133 463
133 480
443 118
443 167
443 180
443 203
443 214
443 229
443 248
443 350
443 381
443 384
443 554
443 677
443 563
443 522
443 507
443 452
443 611
443 495
443 463
481 76
481 91
481 92
481 112
481 126
481 307
481 370
481 381
481 405
481 514
481 698
543 26
543 139
543 151
543 162
543 258
543 312
543 347
543 421
543 463
543 481
543 508
543 649
543 694
543 616
543 669
543 665
543 664
543 610
543 560
543 702
623 71
623 111
623 114
623 119
623 203
623 245
623 260
623 274
623 285
623 322
623 391
623 405
623 424
623 445
623 447
623 460
515 33
515 38
515 84
515 135
515 153
515 214
515 217
515 237
515 445
515 488
515 550
515 634
515 653
515 667
515 517
180 27
180 29
180 102
180 169
180 676
180 311
180 455
180 629
180 252
180 567
180 591
174 27
174 66
174 223
174 425
174 519
174 244
174 290
174 661
174 318
174 310
192 63
192 113
192 114
192 536
192 587
192 619
192 635
192 674
192 567
192 210
192 366
192 248
192 270
192 383
192 710
192 338
583 46
583 87
583 149
583 185
583 244
583 349
583 355
583 480
583 489
583 516
583 535
583 563
583 564
583 569
203 127
203 131
203 134
203 182
203 189
203 678
203 431
203 488
203 707
203 353
203 407
203 362
203 238
203 585
203 289
465 28
465 57
465 107
465 139
465 171
465 259
465 284
465 381
465 410
465 454
465 522
465 519
465 701
465 492
465 494
640 28
640 52
640 70
640 230
640 263
640 349
640 351
640 394
640 466
640 536
640 587
640 591
640 594
640 697
640 682
640 710
416 100
416 306
416 315
416 342
416 349
416 351
416 649
416 539
416 655
416 466
416 456
29 636
29 680
29 131
29 70
29 184
29 492
29 86
29 123
29 591
29 351
636 53
636 61
636 69
636 111
636 160
636 267
636 274
636 366
636 379
636 382
636 383
636 391
636 441
636 651
30 587
30 433
30 75
30 409
30 366
30 91
30 235
30 512
30 113
30 626
30 680
30 452
30 708
30 508
79 30
79 54
79 251
79 713
79 601
79 163
79 336
79 691
79 457
79 368
79 557
79 294
79 545
79 86
79 102
79 282
79 367
79 388
79 390
79 304
79 358
79 85
79 674
79 167
79 707
79 207
79 242
79 556
79 586
79 221
79 383
79 645
79 91
79 566
61 30
61 51
61 565
61 280
61 219
61 498
61 282
61 146
61 623
61 556
61 662
61 383
61 630
61 257
61 405
61 103
61 382
61 391
61 120
61 687
61 586
61 547
61 642
61 620
61 699
61 459
61 242
61 135
61 209
61 502
61 224
61 371
61 678
61 513
61 418
61 629
366 53
366 128
366 165
366 183
366 240
366 267
366 308
366 700
366 678
366 454
366 466
366 394
147 30
147 46
147 87
147 122
147 143
147 682
147 320
147 701
147 560
147 629
147 648
147 166
147 237
147 596
147 332
508 100
508 154
508 198
508 235
508 236
508 315
508 381
508 383
508 387
508 446
508 471
508 472
508 566
508 661
508 707
508 525
500 31
500 85
500 135
500 144
500 209
500 248
500 300
500 360
500 372
500 450
500 482
500 614
500 588
500 697
500 692
500 575
315 31
315 59
315 85
315 118
315 127
315 136
315 157
315 182
315 299
315 703
315 563
315 698
315 341
315 339
315 385
315 425
315 459
534 31
534 36
534 47
534 50
534 117
534 244
534 363
534 366
534 407
534 462
534 499
534 514
534 654
534 652
534 548
534 640
534 599
534 575
534 583
534 696
365 31
365 64
365 75
365 91
365 146
365 153
365 208
365 315
365 358
365 579
365 637
365 527
365 478
365 591
365 396
365 564
343 62
343 74
343 83
343 90
343 99
343 207
343 244
343 266
343 314
343 513
343 416
343 415
343 392
343 553
343 639
343 560
343 351
198 164
198 327
198 648
198 562
198 597
198 661
198 352
198 574
198 368
198 463
411 32
411 135
411 140
411 144
411 162
411 207
411 259
411 381
411 559
411 567
411 682
411 677
411 683
411 455
411 513
411 447
411 492
411 632
114 101
114 565
114 199
114 223
114 644
114 501
114 367
114 351
114 703
114 266
114 391
114 397
114 689
114 657
114 406
328 61
328 63
328 128
328 223
328 234
328 257
328 267
328 292
328 672
328 413
328 475
328 342
328 575
328 493
328 669
328 603
89 95
89 676
89 604
89 647
89 437
89 190
89 706
89 501
89 416
89 185
89 616
89 107
89 345
89 205
69 294
69 570
69 703
69 181
69 572
69 96
69 105
69 643
69 222
69 277
69 308
317 130
317 179
317 653
317 492
317 560
317 629
317 573
317 441
317 372
317 508
183 100
183 125
183 127
183 270
183 422
183 645
183 649
183 435
183 700
183 354
183 489
183 217
183 447
183 294
183 445
183 592
183 522
183 265
183 292
183 290
183 206
183 335
183 651
408 33
408 61
408 82
408 226
408 385
408 556
408 673
408 521
408 579
408 506
408 499
408 440
403 34
403 61
403 71
403 105
403 123
403 147
403 180
403 182
403 285
403 287
403 353
403 360
403 386
403 662
403 672
403 479
403 459
403 445
403 603
460 44
460 121
460 134
460 170
460 181
460 199
460 209
460 223
460 241
460 255
460 273
460 371
460 392
460 418
460 447
460 592
460 473
460 474
412 169
412 182
412 186
412 244
412 287
412 289
412 309
412 311
412 390
412 482
412 676
412 639
412 463
412 612
412 596
412 495
421 54
421 70
421 141
421 196
421 270
421 287
421 297
421 356
421 362
421 411
421 642
421 454
421 487
421 461
421 424
421 560
421 445
221 68
221 97
221 105
221 179
221 204
221 207
221 217
221 218
221 219
221 512
221 584
221 627
221 255
221 223
221 630
221 239
221 533
221 357
221 356
221 266
221 280
221 382
221 633
221 233
221 701
221 562
221 439
295 137
295 145
295 158
295 177
295 225
295 248
295 271
295 604
295 518
295 499
295 408
295 660
295 412
295 297
295 428
295 306
295 638
295 345
295 375
295 406
295 387
295 681
282 49
282 52
282 71
282 120
282 161
282 204
282 205
282 449
282 561
282 361
282 511
282 517
282 492
561 65
561 67
561 84
561 88
561 99
561 132
561 153
561 280
561 326
561 384
561 388
561 424
561 447
561 481
561 548
561 652
561 654
378 53
378 144
378 149
378 171
378 254
378 296
378 377
378 550
378 704
378 560
378 562
378 696
378 616
378 410
378 435
523 153
523 164
523 280
523 313
523 410
523 521
523 632
523 548
523 618
523 671
523 557
523 527
523 535
523 550
523 579
523 594
688 46
688 56
688 57
688 77
688 91
688 107
688 132
688 137
688 150
688 153
688 158
688 251
688 314
688 399
688 468
688 481
688 520
688 530
688 547
347 36
347 77
347 126
347 202
347 260
347 276
347 310
347 634
347 693
347 660
347 505
347 643
347 402
152 49
152 98
152 100
152 144
152 147
152 619
152 624
152 635
152 477
152 574
152 298
152 457
152 657
152 337
152 450
152 211
152 299
152 702
388 91
388 105
388 130
388 136
388 242
388 429
388 586
388 627
388 687
388 571
388 691
388 443
388 418
617 44
617 172
617 286
617 288
617 314
617 375
617 402
617 425
617 590
617 635
617 714
617 629
617 661
702 77
702 107
702 158
702 170
702 244
702 262
702 287
702 288
702 314
702 415
702 421
702 427
702 445
702 562
702 598
702 642
702 653
702 661
702 665
702 670
702 673
702 685
200 37
200 74
200 207
200 588
200 639
200 661
200 476
200 385
148 37
148 693
148 453
148 560
148 566
148 597
148 516
148 201
148 287
148 497
148 633
148 607
246 40
246 74
246 90
246 119
246 209
246 526
246 552
246 509
246 488
246 570
246 337
246 504
246 578
246 461
246 364
335 103
335 113
335 119
335 148
335 176
335 237
335 263
335 490
335 645
335 700
335 551
335 400
335 381
335 648
335 472
335 613
335 596
335 628
335 342
335 415
335 704
695 38
695 64
695 65
695 127
695 159
695 213
695 238
695 281
695 335
695 428
695 431
695 451
695 454
695 570
695 645
695 648
695 678
695 699
695 696
372 45
372 94
372 106
372 112
372 128
372 137
372 149
372 162
372 194
372 196
372 198
372 254
372 272
372 279
372 347
372 622
372 560
372 562
372 629
372 670
372 696
372 402
372 378
372 691
372 405
124 63
124 104
124 120
124 589
124 634
124 682
124 638
124 693
124 377
124 259
124 374
124 436
124 434
124 448
124 559
124 286
124 416
124 375
124 609
124 424
124 386
124 177
124 178
124 449
237 58
237 146
237 150
237 155
237 348
237 633
237 666
237 678
237 438
237 447
237 414
237 481
237 629
237 702
96 50
96 472
96 274
96 642
96 624
96 240
96 180
96 636
96 643
96 150
96 122
602 295
602 321
602 335
602 387
602 475
602 490
602 560
602 572
602 597
602 603
602 710
547 40
547 67
547 85
547 113
547 114
547 117
547 121
547 130
547 136
547 221
547 223
547 256
547 266
547 305
547 403
547 405
547 407
547 475
547 492
547 682
547 570
547 687
547 636
547 556
547 586
547 561
547 610
164 65
164 159
164 551
164 632
164 667
164 676
164 454
164 237
164 641
164 207
164 608
164 672
164 682
164 698
164 353
164 370
164 597
134 56
134 105
134 130
134 587
134 644
134 245
134 403
134 422
134 221
134 268
134 288
134 433
134 476
134 158
134 144
134 376
134 649
134 622
134 255
134 461
134 564
564 52
564 62
564 66
564 77
564 92
564 114
564 145
564 213
564 312
564 340
564 346
564 485
564 499
564 505
564 650
564 604
564 585
564 685
564 602
276 41
276 67
276 74
276 87
276 133
276 144
276 176
276 188
276 563
276 400
276 541
276 669
276 372
276 463
600 42
600 117
600 152
600 254
600 279
600 313
600 445
600 470
600 473
600 522
600 536
600 554
600 564
600 590
600 668
600 691
600 613
600 607
600 654
668 42
668 48
668 94
668 102
668 135
668 144
668 152
668 206
668 215
668 287
668 374
668 417
668 436
668 457
668 462
668 502
668 525
668 587
668 628
668 640
668 684
668 698
275 61
275 173
275 213
275 222
275 240
275 266
275 274
275 547
275 584
275 586
275 627
275 687
275 463
275 701
275 294
275 322
275 475
275 520
275 481
275 698
275 611
275 661
618 148
618 161
618 274
618 375
618 381
618 410
618 411
618 418
618 453
618 481
618 514
618 533
618 550
618 575
618 579
618 591
618 622
618 689
618 637
618 712
618 647
85 62
85 83
85 512
85 554
85 590
85 399
85 557
85 167
85 298
85 251
85 206
85 205
85 114
85 600
85 619
85 162
85 318
85 340
85 433
85 482
85 576
85 171
85 518
87 43
87 67
87 624
87 502
87 584
87 630
87 644
87 257
87 315
87 113
87 555
87 111
87 114
87 672
87 267
87 278
87 649
87 288
87 310
714 43
714 70
714 85
714 110
714 140
714 144
714 333
714 367
714 375
714 428
714 433
714 468
714 480
714 482
714 526
714 587
714 589
714 621
714 635
714 674
714 675
714 710
130 43
130 61
130 86
130 105
130 606
130 556
130 565
130 570
130 422
130 434
130 273
130 161
130 398
130 655
130 355
130 448
130 703
130 641
130 527
130 690
130 247
64 51
64 52
64 226
64 269
64 157
64 530
64 680
64 78
64 285
64 629
64 194
64 254
64 317
672 44
672 55
672 96
672 121
672 236
672 271
672 280
672 386
672 453
672 483
672 591
672 627
672 645
672 659
672 687
672 703
129 44
129 83
129 84
129 691
129 379
129 664
129 394
129 162
129 167
129 215
129 248
491 57
491 100
491 129
491 135
491 244
491 269
491 271
491 328
491 382
491 624
491 709
491 550
491 690
491 629
491 691
491 533
49 512
49 613
49 399
49 545
49 162
49 124
49 462
49 135
49 248
49 377
49 179
49 216
49 588
49 515
49 503
49 639
49 108
49 691
49 327
49 319
428 73
428 87
428 102
428 114
428 146
428 200
428 266
428 268
428 323
428 400
428 547
428 592
225 44
225 156
225 166
225 168
225 172
225 633
225 381
225 458
225 465
225 401
225 327
225 595
225 468
225 464
225 470
225 690
225 575
225 375
225 495
280 45
280 97
280 101
280 136
280 150
280 222
280 225
280 266
280 556
280 687
280 428
280 388
280 391
280 426
280 363
280 465
280 483
280 582
280 288
659 100
659 247
659 372
659 384
659 446
659 470
659 569
659 620
659 692
176 45
176 58
176 64
176 105
176 122
176 636
176 309
176 182
176 232
176 625
176 599
176 532
176 372
536 46
536 124
536 135
536 158
536 167
536 238
536 250
536 260
536 299
536 318
536 327
536 333
536 500
536 522
536 525
536 624
536 635
536 638
536 713
536 547
536 646
536 558
536 614
536 674
116 66
116 78
116 82
116 524
116 245
116 342
116 583
116 185
116 460
116 513
116 236
116 470
116 136
116 612
116 430
116 665
116 317
572 50
572 60
572 64
572 65
572 67
572 108
572 110
572 111
572 132
572 162
572 246
572 314
572 467
572 530
572 535
572 539
572 703
572 656
572 615
606 47
606 48
606 49
606 57
606 136
606 138
606 144
606 163
606 167
606 208
606 226
606 252
606 316
606 337
606 370
606 399
606 434
606 490
606 522
606 559
606 567
606 577
606 677
606 679
606 682
606 710
442 97
442 99
442 157
442 165
442 229
442 233
442 248
442 320
442 333
442 551
285 55
285 96
285 105
285 134
285 140
285 247
285 272
285 554
285 438
285 498
285 464
285 428
285 322
285 387
285 321
285 475
285 451
285 361
337 51
337 162
337 255
337 267
337 287
337 296
337 322
337 328
337 448
337 662
337 631
337 402
337 588
337 550
457 49
457 99
457 150
457 374
457 590
457 682
457 604
457 496
457 515
457 630
457 611
457 495
638 49
638 85
638 123
638 144
638 152
638 158
638 248
638 275
638 368
638 411
638 422
638 453
638 478
638 490
638 577
638 584
638 590
638 608
638 707
691 100
691 130
691 132
691 144
691 158
691 207
691 259
691 408
691 473
691 540
691 601
691 631
595 49
595 71
595 94
595 100
595 136
595 144
595 266
595 284
595 339
595 472
595 483
595 593
595 693
595 665
559 50
559 108
559 129
559 151
559 166
559 238
559 248
559 254
559 266
559 278
559 333
559 340
559 348
559 379
559 438
559 482
559 515
559 550
559 557
559 617
559 624
559 668
419 50
419 148
419 229
419 324
419 369
419 399
419 413
419 457
419 502
419 436
419 694
419 620
419 582
300 188
300 199
300 235
300 700
300 521
300 550
300 529
300 569
300 661
300 665
300 387
300 323
300 644
300 408
300 372
219 71
219 84
219 85
219 197
219 215
219 500
219 242
219 662
219 687
219 692
219 651
219 222
219 268
219 334
219 383
219 343
219 495
448 50
448 88
448 116
448 180
448 207
448 249
448 300
448 536
448 545
448 674
448 631
448 483
448 492
448 450
448 593
382 50
382 69
382 87
382 90
382 199
382 222
382 248
382 261
382 285
382 289
382 371
382 556
382 560
382 517
382 485
382 409
382 548
51 374
51 134
51 623
51 687
51 630
51 636
51 556
51 128
51 306
51 227
51 341
51 564
51 567
51 142
51 225
51 554
51 435
51 87
51 97
51 105
51 123
51 644
51 146
51 221
51 322
51 382
51 244
51 345
51 560
51 629
405 51
405 111
405 134
405 191
405 214
405 222
405 236
405 301
405 328
405 329
405 482
405 570
405 433
405 434
405 409
405 701
687 55
687 56
687 100
687 103
687 119
687 138
687 221
687 314
687 460
687 607
687 634
687 647
556 96
556 108
556 128
556 139
556 146
556 150
556 221
556 226
556 306
556 328
556 353
556 371
556 375
556 377
556 392
556 405
556 416
556 422
556 445
556 459
556 460
556 486
556 498
556 501
556 517
556 638
556 662
227 55
227 153
227 201
227 666
227 519
227 548
227 604
227 357
227 491
227 478
227 563
227 487
227 676
227 461
227 608
227 343
227 247
341 144
341 151
341 169
341 237
341 297
341 447
341 541
341 517
341 525
341 628
341 595
341 375
341 492
341 508
120 51
120 104
120 318
120 526
120 547
120 586
120 136
120 150
120 506
120 603
120 387
120 640
120 662
120 328
120 397
120 201
120 392
120 463
644 55
644 61
644 69
644 116
644 129
644 146
644 191
644 249
644 250
644 257
644 275
644 296
644 305
644 309
644 365
644 381
644 382
644 409
644 452
644 463
644 466
644 467
644 556
644 570
644 577
644 583
644 623
644 627
644 662
644 672
644 711
629 68
629 143
629 231
629 236
629 318
629 350
629 402
629 505
629 585
629 599
629 667
629 659
629 661
629 646
629 656
629 636
56 144
56 674
56 333
56 121
56 255
56 136
56 69
56 371
56 105
56 643
56 146
56 570
56 96
56 123
56 130
56 422
56 238
56 620
56 516
305 52
305 66
305 140
305 222
305 228
305 290
305 482
305 597
305 574
305 402
305 463
384 95
384 127
384 142
384 157
384 187
384 203
384 206
384 226
384 271
384 294
384 341
384 420
384 468
384 453
384 495
243 53
243 75
243 118
243 127
243 162
243 166
243 238
243 240
243 645
243 667
243 563
243 378
243 508
243 382
243 356
243 370
243 571
243 296
243 505
159 53
159 59
159 151
159 649
159 444
159 461
159 459
159 633
159 452
159 181
159 598
159 238
159 342
159 447
159 534
159 704
498 54
498 67
498 87
498 137
498 200
498 221
498 247
498 309
498 327
498 371
498 378
498 488
498 592
498 644
498 697
498 550
498 542
222 55
222 75
222 123
222 136
222 150
222 195
222 556
222 644
222 282
222 257
222 337
222 255
222 481
222 427
222 615
222 520
222 647
222 496
222 391
222 425
222 314
222 295
149 148
149 574
149 707
149 644
149 667
149 349
149 562
149 702
149 665
149 194
149 387
674 108
674 109
674 135
674 162
674 178
674 215
674 241
674 312
674 313
674 337
674 348
674 354
674 407
674 412
674 438
674 473
674 486
674 559
674 589
674 590
674 596
674 613
674 634
674 638
674 655
674 661
674 668
674 677
674 693
643 61
643 83
643 138
643 152
643 158
643 182
643 203
643 206
643 237
643 262
643 285
643 337
643 371
643 382
643 383
643 465
643 518
643 547
643 548
643 566
643 571
643 590
643 592
643 703
643 712
158 56
158 63
158 103
158 123
158 587
158 166
158 457
158 567
158 511
158 445
158 580
158 562
158 165
158 612
158 650
158 674
158 419
158 201
158 496
223 57
223 86
223 98
223 147
223 170
223 559
223 245
223 397
223 544
223 691
223 495
223 236
223 254
598 77
598 97
598 125
598 145
598 207
598 282
598 300
598 310
598 318
598 367
598 392
598 419
598 427
598 463
598 525
598 566
598 637
598 659
598 696
358 59
358 99
358 251
358 297
358 334
358 337
358 600
358 464
358 555
358 679
358 701
304 62
304 66
304 68
304 188
304 194
304 261
304 271
304 548
304 390
304 487
304 318
304 583
304 494
304 562
304 393
709 60
709 203
709 210
709 223
709 364
709 369
709 400
709 425
709 469
709 479
709 508
709 572
709 584
709 608
709 636
709 666
140 63
140 90
140 100
140 219
140 422
140 555
140 299
140 569
140 178
140 553
140 260
140 505
140 374
140 436
140 610
140 454
167 77
167 98
167 162
167 624
167 348
167 340
167 470
167 671
167 546
167 256
167 269
167 277
189 63
189 83
189 108
189 117
189 123
189 587
189 635
189 577
189 438
189 457
189 653
189 343
189 349
189 441
189 462
189 675
189 599
157 74
157 133
157 142
157 280
157 642
157 649
157 400
157 366
157 308
157 595
157 430
157 358
157 428
157 182
157 415
157 435
157 443
157 447
157 261
157 474
157 585
157 375
157 200
353 64
353 68
353 199
353 263
353 282
353 306
353 547
353 644
353 605
353 448
353 383
353 409
677 89
677 98
677 104
677 362
677 368
677 383
677 415
677 493
677 515
677 520
677 531
677 567
677 587
420 86
420 100
420 122
420 168
420 372
420 438
420 562
420 661
420 577
420 643
420 653
420 526
420 612
278 97
278 102
278 155
278 210
278 262
278 266
278 522
278 549
278 644
278 692
278 427
278 381
278 581
278 710
278 464
278 633
278 555
449 68
449 125
449 153
449 208
449 254
449 276
449 278
449 629
449 661
449 608
449 656
449 548
111 69
111 83
111 101
111 108
111 259
111 556
111 570
111 136
111 643
111 464
111 428
111 528
111 620
111 694
111 508
111 223
111 540
111 372
592 77
592 103
592 123
592 136
592 155
592 199
592 223
592 274
592 275
592 337
592 437
592 475
592 518
592 532
592 638
557 124
557 126
557 129
557 151
557 166
557 172
557 195
557 220
557 255
557 291
557 297
557 298
557 305
557 340
557 434
557 441
557 448
557 457
557 463
557 518
557 606
557 677
557 605
557 624
557 707
476 82
476 111
476 135
476 183
476 195
476 216
476 438
476 452
476 513
476 550
476 599
206 90
206 135
206 371
206 498
206 632
206 699
206 431
206 602
206 276
206 470
206 654
206 443
206 688
397 87
397 101
397 107
397 111
397 123
397 149
397 150
397 181
397 186
397 198
397 235
397 267
397 392
397 630
397 553
397 568
397 701
397 573
274 101
274 103
274 128
274 208
274 570
274 644
274 426
274 405
274 285
274 328
274 282
274 388
274 470
274 562
274 659
274 444
274 528
274 288
274 314
274 506
274 508
274 278
274 391
274 709
274 568
274 321
274 297
274 591
137 95
137 129
137 150
137 221
137 456
137 562
137 174
137 580
137 623
137 239
137 519
137 661
477 98
477 102
477 135
477 162
477 180
477 251
477 321
477 360
477 424
477 433
477 468
477 635
477 674
477 682
477 707
477 615
187 133
187 141
187 149
187 601
187 379
187 255
187 641
187 642
187 678
187 366
187 197
187 482
187 249
187 330
187 335
187 400
187 372
439 106
439 144
439 151
439 405
439 682
439 466
439 543
439 599
439 661
439 670
439 675
671 131
671 137
671 174
671 215
671 222
671 284
671 295
671 354
671 372
671 475
671 518
671 670
511 119
511 182
511 183
511 226
511 365
511 369
511 489
511 644
511 551
511 649
511 709
511 664
511 594
196 636
196 628
196 629
196 260
196 562
196 371
196 355
196 239
196 324
