0 0 1
0 240 1
0 340 1
0 110 1
0 598 1
240 73 1
240 408 1
240 931 1
240 380 1
340 208 1
340 624 1
340 597 1
340 699 1
340 744 1
340 980 1
110 408 1
110 240 1
110 881 1
110 432 1
823 0 1
823 379 1
823 823 1
598 149 1
598 191 1
598 193 1
598 253 1
598 364 1
598 367 1
598 872 1
598 641 1
598 683 1
683 1 1
683 297 1
1 322 1
1 930 1
1 346 1
159 1 1
159 37 1
159 409 1
766 1 1
766 91 1
766 196 1
766 328 1
766 464 1
766 640 1
766 812 1
322 236 1
322 656 1
322 680 1
322 659 1
322 326 1
322 951 1
322 707 1
810 1 1
810 236 1
810 277 1
810 750 1
92 1 1
92 937 1
92 436 1
92 845 1
92 124 1
92 446 1
92 439 1
92 116 1
904 1 1
904 416 1
904 444 1
904 904 1
930 190 1
930 656 1
87 1 1
87 930 1
87 977 1
87 766 1
87 514 1
346 918 1
346 409 1
346 691 1
213 1 1
213 48 1
213 108 1
213 198 1
213 600 1
213 335 1
213 280 1
213 693 1
2 243 1
2 2 1
2 653 1
2 276 1
2 201 1
2 556 1
2 123 1
243 226 1
519 2 1
519 123 1
519 180 1
519 342 1
519 417 1
519 673 1
519 556 1
653 77 1
653 235 1
653 241 1
653 288 1
653 508 1
653 711 1
653 885 1
276 56 1
276 127 1
201 792 1
201 342 1
201 872 1
556 138 1
556 556 1
123 524 1
123 168 1
123 342 1
123 673 1
123 986 1
123 671 1
726 3 1
3 129 1
3 305 1
3 209 1
636 3 1
636 780 1
636 811 1
636 693 1
129 163 1
129 293 1
129 693 1
361 3 1
361 23 1
361 129 1
361 811 1
361 580 1
206 3 1
206 164 1
206 272 1
206 813 1
780 3 1
780 14 1
780 59 1
780 293 1
780 303 1
780 322 1
780 399 1
780 569 1
780 601 1
780 670 1
780 691 1
780 700 1
305 177 1
305 410 1
305 964 1
305 580 1
305 811 1
305 864 1
826 3 1
826 169 1
826 215 1
826 307 1
826 691 1
826 693 1
826 964 1
209 35 1
209 41 1
209 82 1
209 115 1
209 129 1
209 826 1
209 727 1
209 209 1
209 293 1
209 700 1
209 665 1
567 4 1
567 146 1
567 418 1
4 64 1
4 806 1
4 212 1
4 888 1
64 51 1
64 888 1
64 176 1
806 51 1
806 64 1
806 90 1
806 183 1
806 317 1
806 418 1
806 429 1
806 431 1
806 567 1
806 706 1
806 858 1
806 956 1
806 806 1
806 842 1
212 418 1
212 806 1
212 451 1
212 709 1
212 705 1
967 4 1
967 148 1
967 263 1
967 277 1
967 315 1
967 770 1
967 919 1
888 51 1
888 176 1
888 258 1
888 418 1
888 429 1
888 567 1
888 806 1
888 834 1
888 858 1
888 888 1
5 468 1
5 465 1
5 705 1
468 287 1
611 5 1
611 287 1
611 351 1
611 675 1
465 91 1
465 189 1
465 209 1
465 242 1
465 351 1
465 777 1
465 638 1
465 960 1
373 5 1
373 8 1
373 216 1
373 470 1
373 561 1
373 425 1
373 978 1
705 186 1
705 235 1
705 248 1
705 264 1
705 340 1
705 444 1
705 454 1
705 514 1
705 596 1
705 668 1
705 678 1
705 702 1
705 890 1
705 768 1
705 725 1
705 705 1
651 6 1
651 172 1
651 215 1
651 337 1
651 423 1
651 566 1
651 827 1
6 623 1
6 314 1
623 39 1
623 423 1
623 789 1
623 846 1
314 377 1
314 797 1
789 6 1
789 27 1
789 314 1
789 399 1
789 651 1
502 6 1
502 84 1
502 247 1
502 435 1
502 475 1
813 7 1
813 200 1
813 228 1
813 253 1
813 270 1
813 523 1
813 575 1
813 724 1
813 935 1
7 534 1
7 393 1
534 865 1
393 52 1
393 137 1
393 170 1
393 217 1
393 288 1
393 331 1
393 735 1
393 657 1
393 874 1
393 768 1
426 7 1
426 279 1
426 494 1
426 656 1
426 946 1
426 583 1
426 969 1
426 812 1
362 7 1
362 8 1
362 10 1
362 48 1
362 179 1
362 331 1
362 393 1
362 470 1
362 362 1
362 983 1
362 488 1
362 638 1
362 628 1
677 7 1
677 89 1
677 186 1
677 878 1
8 223 1
8 800 1
8 637 1
8 617 1
223 574 1
223 903 1
815 8 1
815 82 1
815 352 1
815 453 1
815 534 1
815 779 1
800 108 1
800 175 1
800 362 1
800 674 1
800 707 1
800 754 1
637 195 1
637 545 1
637 638 1
637 804 1
175 8 1
175 46 1
175 170 1
175 175 1
175 740 1
175 453 1
175 617 1
175 674 1
175 213 1
175 747 1
175 699 1
175 362 1
175 298 1
175 372 1
175 989 1
175 615 1
175 331 1
709 8 1
709 108 1
709 194 1
709 208 1
709 335 1
709 707 1
617 108 1
617 441 1
617 977 1
617 841 1
9 284 1
9 120 1
9 877 1
9 292 1
9 926 1
9 211 1
9 49 1
284 756 1
284 413 1
284 412 1
284 544 1
284 975 1
284 342 1
120 187 1
120 225 1
120 869 1
120 863 1
120 387 1
877 416 1
877 544 1
877 564 1
877 695 1
877 877 1
292 169 1
292 211 1
292 480 1
292 366 1
926 161 1
926 197 1
926 303 1
369 9 1
369 211 1
369 474 1
369 511 1
369 680 1
980 9 1
980 60 1
980 908 1
211 155 1
211 412 1
211 333 1
211 766 1
211 868 1
49 130 1
49 742 1
49 626 1
942 9 1
942 60 1
942 261 1
942 371 1
942 443 1
942 456 1
942 535 1
942 751 1
186 9 1
186 264 1
186 186 1
186 605 1
186 643 1
186 952 1
186 564 1
186 595 1
186 828 1
186 819 1
186 616 1
186 883 1
345 10 1
345 502 1
10 213 1
10 999 1
10 657 1
10 335 1
10 170 1
10 617 1
10 787 1
10 800 1
10 453 1
10 920 1
10 514 1
10 423 1
999 323 1
999 373 1
999 617 1
999 707 1
999 999 1
470 10 1
470 89 1
470 175 1
470 331 1
470 960 1
470 816 1
470 896 1
747 10 1
747 108 1
747 362 1
657 175 1
847 10 1
847 438 1
847 457 1
847 847 1
847 894 1
227 10 1
227 331 1
227 595 1
227 343 1
227 755 1
740 10 1
740 216 1
740 493 1
740 617 1
740 826 1
335 212 1
335 227 1
335 851 1
335 495 1
335 393 1
335 470 1
335 985 1
335 491 1
707 10 1
707 175 1
170 747 1
170 966 1
787 52 1
787 393 1
787 457 1
787 461 1
787 835 1
433 10 1
433 108 1
433 175 1
433 393 1
433 776 1
453 701 1
360 10 1
360 558 1
360 742 1
665 10 1
665 100 1
665 329 1
665 516 1
665 966 1
665 816 1
665 704 1
920 134 1
920 678 1
920 906 1
514 375 1
514 760 1
514 915 1
786 10 1
786 106 1
786 342 1
786 994 1
423 39 1
423 789 1
457 10 1
457 175 1
457 335 1
457 362 1
457 442 1
457 672 1
457 999 1
457 762 1
108 10 1
108 659 1
108 779 1
108 216 1
108 707 1
108 453 1
108 674 1
108 847 1
108 108 1
108 477 1
108 864 1
53 10 1
53 24 1
53 563 1
53 736 1
53 370 1
849 11 1
849 39 1
849 364 1
849 384 1
849 506 1
849 660 1
849 738 1
849 881 1
849 932 1
11 37 1
11 761 1
11 631 1
324 11 1
324 183 1
324 324 1
324 488 1
37 34 1
37 258 1
761 143 1
761 162 1
761 624 1
914 11 1
914 111 1
914 406 1
914 476 1
914 734 1
914 892 1
988 11 1
988 258 1
988 406 1
988 470 1
111 11 1
111 927 1
111 799 1
111 988 1
111 628 1
808 12 1
808 38 1
808 82 1
808 178 1
808 398 1
808 524 1
808 532 1
808 990 1
808 994 1
12 345 1
12 603 1
12 165 1
12 549 1
386 12 1
386 219 1
386 386 1
386 603 1
386 533 1
386 460 1
386 802 1
603 267 1
603 345 1
603 533 1
603 854 1
661 12 1
661 533 1
165 321 1
165 318 1
765 12 1
765 241 1
765 257 1
765 537 1
765 971 1
765 794 1
533 12 1
533 38 1
533 144 1
549 283 1
549 494 1
13 266 1
13 476 1
13 549 1
13 757 1
13 354 1
13 538 1
13 598 1
13 86 1
266 801 1
266 872 1
266 598 1
266 552 1
193 13 1
193 281 1
193 310 1
193 283 1
193 917 1
193 193 1
193 849 1
489 13 1
489 733 1
910 13 1
910 359 1
910 511 1
910 549 1
910 598 1
613 13 1
613 193 1
613 283 1
613 388 1
149 13 1
149 333 1
149 511 1
149 836 1
476 310 1
476 678 1
476 894 1
872 13 1
872 193 1
872 774 1
872 972 1
757 253 1
757 783 1
641 13 1
641 97 1
641 388 1
641 597 1
641 743 1
968 13 1
968 324 1
968 647 1
968 904 1
354 160 1
354 568 1
354 473 1
538 693 1
915 13 1
915 93 1
915 175 1
915 206 1
915 539 1
915 767 1
915 915 1
915 987 1
283 13 1
283 97 1
283 149 1
283 252 1
283 873 1
283 896 1
122 13 1
122 118 1
122 911 1
122 302 1
122 986 1
122 238 1
86 40 1
86 108 1
86 668 1
86 156 1
86 396 1
86 86 1
911 14 1
911 187 1
911 292 1
911 798 1
14 263 1
14 967 1
14 336 1
14 14 1
14 181 1
14 523 1
14 893 1
14 17 1
14 21 1
226 14 1
226 221 1
226 640 1
226 428 1
226 913 1
164 14 1
164 21 1
164 148 1
164 548 1
164 770 1
919 14 1
919 282 1
919 966 1
31 14 1
31 17 1
31 967 1
263 774 1
263 263 1
263 282 1
263 672 1
336 672 1
336 746 1
672 14 1
672 17 1
672 54 1
672 154 1
672 205 1
672 270 1
672 548 1
672 838 1
672 728 1
672 692 1
181 765 1
181 268 1
181 458 1
181 978 1
181 439 1
523 291 1
523 692 1
893 65 1
893 131 1
17 263 1
17 919 1
17 336 1
17 148 1
17 660 1
17 383 1
17 282 1
17 747 1
21 94 1
21 148 1
21 672 1
21 282 1
21 45 1
21 522 1
21 379 1
21 967 1
163 14 1
163 17 1
163 54 1
163 189 1
163 967 1
15 15 1
15 219 1
15 536 1
219 186 1
561 15 1
561 46 1
561 59 1
561 175 1
561 198 1
561 362 1
561 393 1
536 770 1
966 16 1
966 516 1
966 696 1
966 939 1
16 106 1
16 438 1
16 749 1
16 342 1
831 16 1
831 384 1
831 545 1
831 747 1
831 960 1
106 556 1
106 106 1
106 694 1
106 123 1
438 139 1
438 496 1
438 988 1
438 591 1
438 858 1
438 643 1
933 16 1
933 396 1
933 407 1
933 534 1
933 815 1
933 933 1
933 945 1
749 41 1
749 295 1
749 358 1
749 371 1
749 514 1
749 981 1
342 69 1
342 106 1
342 115 1
342 417 1
342 673 1
342 556 1
485 17 1
485 659 1
485 602 1
746 17 1
746 21 1
148 508 1
148 941 1
54 17 1
54 22 1
54 371 1
54 361 1
660 77 1
660 119 1
660 506 1
660 541 1
660 592 1
660 767 1
660 924 1
798 17 1
798 975 1
383 161 1
383 286 1
702 17 1
702 103 1
702 822 1
702 903 1
702 944 1
22 17 1
22 164 1
22 446 1
22 154 1
22 556 1
154 17 1
154 54 1
154 148 1
154 282 1
154 967 1
154 919 1
154 550 1
154 950 1
282 567 1
282 701 1
282 377 1
518 18 1
518 132 1
518 134 1
518 774 1
518 783 1
518 521 1
518 920 1
518 906 1
518 950 1
518 563 1
518 885 1
518 818 1
18 143 1
18 509 1
18 915 1
18 38 1
18 209 1
18 445 1
18 987 1
18 693 1
143 624 1
143 215 1
509 149 1
509 338 1
509 608 1
902 18 1
902 902 1
767 18 1
767 143 1
38 178 1
38 730 1
38 738 1
38 886 1
445 74 1
445 143 1
445 902 1
987 143 1
987 446 1
267 18 1
267 64 1
267 215 1
267 267 1
267 661 1
267 802 1
267 692 1
693 328 1
693 377 1
693 495 1
693 497 1
693 555 1
693 809 1
693 727 1
693 880 1
693 700 1
693 780 1
635 19 1
635 43 1
635 558 1
19 793 1
19 499 1
19 255 1
19 196 1
19 441 1
19 897 1
19 878 1
19 363 1
793 499 1
793 579 1
793 619 1
499 94 1
499 102 1
255 905 1
255 529 1
255 882 1
255 482 1
196 131 1
196 388 1
196 499 1
196 997 1
441 20 1
897 251 1
897 834 1
897 898 1
65 19 1
65 529 1
99 19 1
99 882 1
99 485 1
99 202 1
878 65 1
878 131 1
878 209 1
878 223 1
878 306 1
878 405 1
878 482 1
878 505 1
878 574 1
878 635 1
878 944 1
878 878 1
112 19 1
112 151 1
112 771 1
492 19 1
492 124 1
492 195 1
492 364 1
492 365 1
492 371 1
492 450 1
492 814 1
492 609 1
492 633 1
492 843 1
492 611 1
492 995 1
492 651 1
363 72 1
363 158 1
363 204 1
363 249 1
363 693 1
363 867 1
363 715 1
20 579 1
20 302 1
20 616 1
579 95 1
579 502 1
579 513 1
579 517 1
302 167 1
302 496 1
302 741 1
302 644 1
302 731 1
819 20 1
819 543 1
819 609 1
819 690 1
668 20 1
668 40 1
668 67 1
668 343 1
668 396 1
668 546 1
668 962 1
668 786 1
668 832 1
616 191 1
616 206 1
616 903 1
616 705 1
616 819 1
616 890 1
616 725 1
94 906 1
94 889 1
94 790 1
94 920 1
94 769 1
205 21 1
205 154 1
205 164 1
45 332 1
45 329 1
45 679 1
45 765 1
522 30 1
522 156 1
522 301 1
522 539 1
522 668 1
379 380 1
446 427 1
446 695 1
23 242 1
23 259 1
23 465 1
23 356 1
242 126 1
242 174 1
242 935 1
242 813 1
242 945 1
242 572 1
259 254 1
259 618 1
259 859 1
259 827 1
629 23 1
629 91 1
629 233 1
629 638 1
629 835 1
629 996 1
152 23 1
152 558 1
152 257 1
152 850 1
152 252 1
940 23 1
940 259 1
940 300 1
940 481 1
940 701 1
940 711 1
356 254 1
356 259 1
356 309 1
356 465 1
356 992 1
356 541 1
356 983 1
356 657 1
356 881 1
356 996 1
356 393 1
76 23 1
76 27 1
76 623 1
76 272 1
76 266 1
76 265 1
76 536 1
24 331 1
24 151 1
24 370 1
24 237 1
24 743 1
24 172 1
24 387 1
24 272 1
331 46 1
331 102 1
331 122 1
331 216 1
331 453 1
331 755 1
151 172 1
151 934 1
151 370 1
151 652 1
151 237 1
370 112 1
370 365 1
934 24 1
934 202 1
934 571 1
237 237 1
743 151 1
743 771 1
743 848 1
172 112 1
387 32 1
387 51 1
387 61 1
387 888 1
387 758 1
387 965 1
387 418 1
387 751 1
387 854 1
387 679 1
387 806 1
272 90 1
272 495 1
272 951 1
272 441 1
753 25 1
753 193 1
753 641 1
753 651 1
25 489 1
25 97 1
552 25 1
552 357 1
552 917 1
427 25 1
427 150 1
427 156 1
427 415 1
543 25 1
543 641 1
543 651 1
543 757 1
429 26 1
429 176 1
429 387 1
26 159 1
26 409 1
26 572 1
26 464 1
26 964 1
409 92 1
409 230 1
409 812 1
409 791 1
409 428 1
409 626 1
274 26 1
274 133 1
274 559 1
274 807 1
274 390 1
274 714 1
274 482 1
274 628 1
680 26 1
680 239 1
680 399 1
680 428 1
680 567 1
680 571 1
680 951 1
680 686 1
680 921 1
680 946 1
686 26 1
686 802 1
572 137 1
572 285 1
572 320 1
572 426 1
572 572 1
464 203 1
464 426 1
464 842 1
464 689 1
964 209 1
964 691 1
964 693 1
27 197 1
27 896 1
197 447 1
197 353 1
896 91 1
896 197 1
896 219 1
896 323 1
896 376 1
896 460 1
896 805 1
28 679 1
28 835 1
679 380 1
679 585 1
679 645 1
679 765 1
482 28 1
482 70 1
482 116 1
482 395 1
482 430 1
482 529 1
482 714 1
482 559 1
482 840 1
482 648 1
835 91 1
835 287 1
835 638 1
835 662 1
835 762 1
835 940 1
835 967 1
236 28 1
236 108 1
236 582 1
236 263 1
773 29 1
773 72 1
773 102 1
773 135 1
773 141 1
773 449 1
773 773 1
773 958 1
773 865 1
29 823 1
29 552 1
29 872 1
29 636 1
29 598 1
367 29 1
367 35 1
367 253 1
367 753 1
30 933 1
30 76 1
30 908 1
30 113 1
30 566 1
30 562 1
908 56 1
908 397 1
908 751 1
908 755 1
908 782 1
113 494 1
113 908 1
113 921 1
113 551 1
113 562 1
113 669 1
719 30 1
719 185 1
719 397 1
719 496 1
719 562 1
719 755 1
566 62 1
566 139 1
566 210 1
566 275 1
566 551 1
566 785 1
566 655 1
551 30 1
551 142 1
551 376 1
551 921 1
551 675 1
551 824 1
562 68 1
562 395 1
562 551 1
562 907 1
562 782 1
562 886 1
562 755 1
755 30 1
755 68 1
755 74 1
755 142 1
755 551 1
755 675 1
755 782 1
608 31 1
608 90 1
608 186 1
608 341 1
608 562 1
500 31 1
500 500 1
615 32 1
615 310 1
615 598 1
615 872 1
32 249 1
32 867 1
32 53 1
32 47 1
32 363 1
316 32 1
316 95 1
316 676 1
316 363 1
316 938 1
316 519 1
578 32 1
578 242 1
578 363 1
578 417 1
249 678 1
867 95 1
867 378 1
867 431 1
867 492 1
867 578 1
867 994 1
95 32 1
95 602 1
95 363 1
715 32 1
715 249 1
715 431 1
715 456 1
715 686 1
431 32 1
431 95 1
431 249 1
431 282 1
431 297 1
431 578 1
676 32 1
676 363 1
676 715 1
47 292 1
47 658 1
47 797 1
47 832 1
47 463 1
47 576 1
33 852 1
33 604 1
852 48 1
852 508 1
852 989 1
451 33 1
451 168 1
451 276 1
451 451 1
451 720 1
814 33 1
814 442 1
604 60 1
604 754 1
734 33 1
734 111 1
734 406 1
734 568 1
734 799 1
180 33 1
180 49 1
34 547 1
34 369 1
34 659 1
34 67 1
547 44 1
547 85 1
547 244 1
547 498 1
540 34 1
540 94 1
540 238 1
540 377 1
540 913 1
540 680 1
659 326 1
67 878 1
67 621 1
67 136 1
67 359 1
67 247 1
744 35 1
744 126 1
744 200 1
744 242 1
744 270 1
744 272 1
744 462 1
744 892 1
35 208 1
35 136 1
35 591 1
35 590 1
35 234 1
35 121 1
35 912 1
35 726 1
35 67 1
35 241 1
35 392 1
35 903 1
208 187 1
208 257 1
208 537 1
208 332 1
208 671 1
208 972 1
208 208 1
208 589 1
208 347 1
208 407 1
620 35 1
620 193 1
620 841 1
136 620 1
136 399 1
136 477 1
136 994 1
101 35 1
101 71 1
101 726 1
101 450 1
101 359 1
591 208 1
591 359 1
591 376 1
969 35 1
969 247 1
969 589 1
247 35 1
247 71 1
247 101 1
247 121 1
247 234 1
247 485 1
247 994 1
247 764 1
247 526 1
247 590 1
247 912 1
247 759 1
247 469 1
590 344 1
590 359 1
590 403 1
590 477 1
590 554 1
590 994 1
234 208 1
234 853 1
121 994 1
359 35 1
359 136 1
359 234 1
359 247 1
359 526 1
359 912 1
359 994 1
359 726 1
359 620 1
359 624 1
359 787 1
71 35 1
71 136 1
71 433 1
71 359 1
71 376 1
526 35 1
526 477 1
526 504 1
526 969 1
912 906 1
241 257 1
241 671 1
392 544 1
392 983 1
169 35 1
169 78 1
169 354 1
169 187 1
169 689 1
169 568 1
169 975 1
169 203 1
447 35 1
447 67 1
447 523 1
447 478 1
447 805 1
979 35 1
979 247 1
979 291 1
979 425 1
979 907 1
979 969 1
903 79 1
903 102 1
903 295 1
903 315 1
903 358 1
903 564 1
903 705 1
903 725 1
903 749 1
903 819 1
903 834 1
903 870 1
903 940 1
568 36 1
568 162 1
568 544 1
36 416 1
36 608 1
36 157 1
36 341 1
531 36 1
531 232 1
531 904 1
531 758 1
416 367 1
416 652 1
416 416 1
416 902 1
416 509 1
416 474 1
416 535 1
416 669 1
157 320 1
157 390 1
157 321 1
157 224 1
157 424 1
507 36 1
507 58 1
507 155 1
507 169 1
507 195 1
507 664 1
507 690 1
341 125 1
341 652 1
341 352 1
348 36 1
348 241 1
348 302 1
348 922 1
348 788 1
348 884 1
128 37 1
128 100 1
128 816 1
128 696 1
128 128 1
128 190 1
258 299 1
258 923 1
258 631 1
258 417 1
586 38 1
586 64 1
586 96 1
586 348 1
586 990 1
586 808 1
586 650 1
178 173 1
178 713 1
730 178 1
730 209 1
730 582 1
730 650 1
96 38 1
96 166 1
96 195 1
738 77 1
738 237 1
738 958 1
764 38 1
764 526 1
764 591 1
764 821 1
764 764 1
886 475 1
886 907 1
39 83 1
39 981 1
39 86 1
83 479 1
83 314 1
83 623 1
83 408 1
981 71 1
981 287 1
885 39 1
885 849 1
40 542 1
40 40 1
542 128 1
542 522 1
542 668 1
301 40 1
301 86 1
301 146 1
301 806 1
301 668 1
301 546 1
146 40 1
146 396 1
146 786 1
146 455 1
146 190 1
146 668 1
146 156 1
758 40 1
758 61 1
758 78 1
796 41 1
796 397 1
796 421 1
41 351 1
41 621 1
351 278 1
351 394 1
351 776 1
351 378 1
621 394 1
621 755 1
42 769 1
42 783 1
42 94 1
769 518 1
769 620 1
678 42 1
678 44 1
678 381 1
678 486 1
678 518 1
678 774 1
678 769 1
678 790 1
678 678 1
678 954 1
678 958 1
678 728 1
783 65 1
783 94 1
783 132 1
783 678 1
50 42 1
50 518 1
50 678 1
50 622 1
50 561 1
627 42 1
627 138 1
627 665 1
627 845 1
688 42 1
688 857 1
688 952 1
905 43 1
905 188 1
905 238 1
905 558 1
905 878 1
905 923 1
905 976 1
43 505 1
43 65 1
43 553 1
43 817 1
43 482 1
505 262 1
505 893 1
505 547 1
306 43 1
306 80 1
306 145 1
306 499 1
306 914 1
553 131 1
553 175 1
553 258 1
553 905 1
553 878 1
781 43 1
781 225 1
781 774 1
781 950 1
781 781 1
817 410 1
817 701 1
44 64 1
525 44 1
525 547 1
525 748 1
85 44 1
85 525 1
85 427 1
85 540 1
421 44 1
421 61 1
421 420 1
748 44 1
748 85 1
748 421 1
748 428 1
748 598 1
748 697 1
748 705 1
748 941 1
332 329 1
332 645 1
332 722 1
332 671 1
329 208 1
329 219 1
329 228 1
329 600 1
329 537 1
329 918 1
329 589 1
735 45 1
735 343 1
735 439 1
585 45 1
585 89 1
585 152 1
585 257 1
585 506 1
585 785 1
585 899 1
585 645 1
585 855 1
585 967 1
674 46 1
674 672 1
46 707 1
46 373 1
46 800 1
46 267 1
46 216 1
115 46 1
115 60 1
115 957 1
115 818 1
115 371 1
115 471 1
115 909 1
115 609 1
115 491 1
115 648 1
115 349 1
115 507 1
216 52 1
216 170 1
216 198 1
216 453 1
216 227 1
216 393 1
216 787 1
216 362 1
216 737 1
216 817 1
658 192 1
658 241 1
658 587 1
658 876 1
192 47 1
192 145 1
192 646 1
192 946 1
192 587 1
192 692 1
192 859 1
192 763 1
192 609 1
797 144 1
797 291 1
797 902 1
797 849 1
832 624 1
463 66 1
463 271 1
463 962 1
463 524 1
463 931 1
463 870 1
576 145 1
576 427 1
576 527 1
587 47 1
587 103 1
587 291 1
587 899 1
587 666 1
48 373 1
48 707 1
48 216 1
48 108 1
799 48 1
799 425 1
799 607 1
799 631 1
799 693 1
723 49 1
723 469 1
723 535 1
723 594 1
723 639 1
723 711 1
723 881 1
130 62 1
130 139 1
130 566 1
130 375 1
222 49 1
222 60 1
222 837 1
222 742 1
251 49 1
251 482 1
742 193 1
742 897 1
742 742 1
901 49 1
901 133 1
901 180 1
901 251 1
901 414 1
901 742 1
901 898 1
626 205 1
626 267 1
626 399 1
626 640 1
906 50 1
906 521 1
906 567 1
906 678 1
906 728 1
906 950 1
938 50 1
938 566 1
938 960 1
868 50 1
868 162 1
868 169 1
868 286 1
868 455 1
868 570 1
868 683 1
868 879 1
563 50 1
563 678 1
563 954 1
622 226 1
622 602 1
622 766 1
51 333 1
51 364 1
333 169 1
333 187 1
333 203 1
333 926 1
333 936 1
333 710 1
333 975 1
333 612 1
333 782 1
418 51 1
418 176 1
418 781 1
364 264 1
364 535 1
364 577 1
364 604 1
364 984 1
364 754 1
364 580 1
52 175 1
52 999 1
52 108 1
124 52 1
124 223 1
124 268 1
124 311 1
124 845 1
124 646 1
124 908 1
736 646 1
736 706 1
736 853 1
736 875 1
736 826 1
770 54 1
770 154 1
770 183 1
770 424 1
770 672 1
770 715 1
371 57 1
371 341 1
371 353 1
371 364 1
371 487 1
371 964 1
55 272 1
55 588 1
55 801 1
55 312 1
55 125 1
174 55 1
174 126 1
174 398 1
174 713 1
174 862 1
588 57 1
588 179 1
588 296 1
588 710 1
624 55 1
624 312 1
624 597 1
801 283 1
801 598 1
312 155 1
312 206 1
312 839 1
125 472 1
125 889 1
772 56 1
772 280 1
772 413 1
56 182 1
56 56 1
56 503 1
56 59 1
182 141 1
182 182 1
503 250 1
503 318 1
503 503 1
503 542 1
59 314 1
59 999 1
59 373 1
59 546 1
250 56 1
250 138 1
250 221 1
250 586 1
250 772 1
250 903 1
57 467 1
57 818 1
57 718 1
57 492 1
467 972 1
467 973 1
467 510 1
467 845 1
818 308 1
818 442 1
365 57 1
365 296 1
365 697 1
365 440 1
718 443 1
718 478 1
718 501 1
718 942 1
478 57 1
478 181 1
478 443 1
478 791 1
478 843 1
58 75 1
58 535 1
58 442 1
58 349 1
75 582 1
75 733 1
75 533 1
535 791 1
442 186 1
442 460 1
442 577 1
442 450 1
442 492 1
349 648 1
349 818 1
443 58 1
443 401 1
443 701 1
443 454 1
394 58 1
394 796 1
394 995 1
394 627 1
394 926 1
394 550 1
394 564 1
701 58 1
701 232 1
701 247 1
701 364 1
701 365 1
701 492 1
701 535 1
701 604 1
701 609 1
701 648 1
701 694 1
701 909 1
701 791 1
701 971 1
701 814 1
245 58 1
245 577 1
245 509 1
894 58 1
894 365 1
894 471 1
894 570 1
894 619 1
894 853 1
894 984 1
894 955 1
298 59 1
298 85 1
298 115 1
298 888 1
298 912 1
298 908 1
546 86 1
546 138 1
546 146 1
546 396 1
546 542 1
546 794 1
546 598 1
952 59 1
952 152 1
952 264 1
952 702 1
952 705 1
60 319 1
60 498 1
60 401 1
60 700 1
60 371 1
319 418 1
319 858 1
319 888 1
498 85 1
498 119 1
498 515 1
619 60 1
619 535 1
619 818 1
619 826 1
401 297 1
401 837 1
401 422 1
401 754 1
401 781 1
401 942 1
422 60 1
422 115 1
422 364 1
422 909 1
422 422 1
422 538 1
422 701 1
700 225 1
700 664 1
700 685 1
700 826 1
577 60 1
577 115 1
577 317 1
577 353 1
577 401 1
577 444 1
577 487 1
577 491 1
577 986 1
456 60 1
456 108 1
456 231 1
456 245 1
456 648 1
456 751 1
456 894 1
971 60 1
971 89 1
971 213 1
971 308 1
971 365 1
971 401 1
971 443 1
971 471 1
971 485 1
971 491 1
971 492 1
971 517 1
971 856 1
971 942 1
61 319 1
61 61 1
61 888 1
61 590 1
317 61 1
317 64 1
317 212 1
317 387 1
317 827 1
317 587 1
62 785 1
785 130 1
785 192 1
785 210 1
785 375 1
785 922 1
785 980 1
210 62 1
210 73 1
210 963 1
210 419 1
960 63 1
960 405 1
960 545 1
960 687 1
960 804 1
960 833 1
960 866 1
960 960 1
63 405 1
63 545 1
405 598 1
405 545 1
405 980 1
405 441 1
405 687 1
545 400 1
545 812 1
545 804 1
147 63 1
147 563 1
147 313 1
147 165 1
863 63 1
863 251 1
965 64 1
965 190 1
965 193 1
965 319 1
176 387 1
176 806 1
176 693 1
156 64 1
156 696 1
156 542 1
156 301 1
156 546 1
529 223 1
529 373 1
529 382 1
529 558 1
448 65 1
448 148 1
448 913 1
448 672 1
448 967 1
66 824 1
66 952 1
66 261 1
66 931 1
66 299 1
66 713 1
66 208 1
824 228 1
524 66 1
524 184 1
524 228 1
524 299 1
524 962 1
524 524 1
261 184 1
261 962 1
261 888 1
931 203 1
931 287 1
931 989 1
299 962 1
299 947 1
713 211 1
713 296 1
713 334 1
713 513 1
713 744 1
795 66 1
795 382 1
795 570 1
795 804 1
473 67 1
473 187 1
473 419 1
473 581 1
473 579 1
477 67 1
477 359 1
477 403 1
477 979 1
477 969 1
477 490 1
477 547 1
782 68 1
782 76 1
782 179 1
782 203 1
782 372 1
782 397 1
782 527 1
782 551 1
782 675 1
782 719 1
782 907 1
782 980 1
782 887 1
782 921 1
68 551 1
68 283 1
229 68 1
229 782 1
229 551 1
229 675 1
229 539 1
229 755 1
69 321 1
69 687 1
69 911 1
321 289 1
321 321 1
321 424 1
321 390 1
321 598 1
321 886 1
400 69 1
400 87 1
400 400 1
400 795 1
400 960 1
687 147 1
687 308 1
687 804 1
687 898 1
391 70 1
391 274 1
391 482 1
391 391 1
391 840 1
70 274 1
70 807 1
70 870 1
395 70 1
395 218 1
93 70 1
93 395 1
93 391 1
93 829 1
93 274 1
93 925 1
807 482 1
807 782 1
807 900 1
150 70 1
150 829 1
150 807 1
150 714 1
150 430 1
150 482 1
600 70 1
600 515 1
870 698 1
840 70 1
840 578 1
840 807 1
634 71 1
634 477 1
634 994 1
899 71 1
899 616 1
899 773 1
899 845 1
717 71 1
717 234 1
717 591 1
717 620 1
717 816 1
717 979 1
717 994 1
376 247 1
376 994 1
376 526 1
376 403 1
376 945 1
72 141 1
72 540 1
141 955 1
141 414 1
141 737 1
141 745 1
953 72 1
953 102 1
953 140 1
953 272 1
953 555 1
953 773 1
712 72 1
712 102 1
712 222 1
712 571 1
712 953 1
712 851 1
647 72 1
647 437 1
647 830 1
432 73 1
432 252 1
432 431 1
73 380 1
73 689 1
73 110 1
408 73 1
408 216 1
408 379 1
408 408 1
408 488 1
380 823 1
380 891 1
689 689 1
685 73 1
685 109 1
685 244 1
685 293 1
685 309 1
685 499 1
685 535 1
685 780 1
74 761 1
74 339 1
444 74 1
444 143 1
444 338 1
444 761 1
444 509 1
232 74 1
232 535 1
232 349 1
232 887 1
232 492 1
339 303 1
339 509 1
339 341 1
339 891 1
412 75 1
412 161 1
412 581 1
412 446 1
412 975 1
582 383 1
582 489 1
582 798 1
582 622 1
246 75 1
246 459 1
246 879 1
246 910 1
246 653 1
733 582 1
733 877 1
993 75 1
993 98 1
993 120 1
993 178 1
993 975 1
265 138 1
265 750 1
265 536 1
77 838 1
77 480 1
77 849 1
77 716 1
77 366 1
77 497 1
77 885 1
77 852 1
77 119 1
77 564 1
77 265 1
77 305 1
838 154 1
838 256 1
838 366 1
838 436 1
838 480 1
838 506 1
838 508 1
838 639 1
838 729 1
838 738 1
838 759 1
838 799 1
838 881 1
881 77 1
881 95 1
881 359 1
881 469 1
881 497 1
881 556 1
881 610 1
881 660 1
881 711 1
881 716 1
506 77 1
506 366 1
506 711 1
256 77 1
256 334 1
256 852 1
256 469 1
256 437 1
256 660 1
592 77 1
592 439 1
592 508 1
469 77 1
469 334 1
469 353 1
469 698 1
480 506 1
480 759 1
480 577 1
480 668 1
716 653 1
716 818 1
716 829 1
366 329 1
366 384 1
366 759 1
366 640 1
497 384 1
497 653 1
497 838 1
497 639 1
497 506 1
497 667 1
497 784 1
119 149 1
989 77 1
989 315 1
989 495 1
989 653 1
989 849 1
989 881 1
564 264 1
564 415 1
564 749 1
830 77 1
830 642 1
520 77 1
520 343 1
520 704 1
520 721 1
520 600 1
520 790 1
105 77 1
105 89 1
105 943 1
105 845 1
105 721 1
105 520 1
126 77 1
126 296 1
126 441 1
155 78 1
155 333 1
155 877 1
155 419 1
155 911 1
155 850 1
155 292 1
155 169 1
155 584 1
155 436 1
155 192 1
78 733 1
78 948 1
918 78 1
918 243 1
948 277 1
948 303 1
948 413 1
948 730 1
948 831 1
948 873 1
948 925 1
948 948 1
948 996 1
79 482 1
79 937 1
79 525 1
79 487 1
79 952 1
79 186 1
79 705 1
79 235 1
937 268 1
937 486 1
937 888 1
487 216 1
487 440 1
487 971 1
487 492 1
768 79 1
768 186 1
768 235 1
768 596 1
768 903 1
235 186 1
235 203 1
235 616 1
235 235 1
235 358 1
235 725 1
235 819 1
235 890 1
235 738 1
235 637 1
80 558 1
80 131 1
80 223 1
80 878 1
558 99 1
558 188 1
558 196 1
558 388 1
558 499 1
558 553 1
558 944 1
558 558 1
558 893 1
558 793 1
558 574 1
558 878 1
131 635 1
131 382 1
131 180 1
131 955 1
609 80 1
609 189 1
609 491 1
609 772 1
711 81 1
711 384 1
711 508 1
711 594 1
81 899 1
81 671 1
81 207 1
81 783 1
81 500 1
654 81 1
654 350 1
654 585 1
654 645 1
671 235 1
671 371 1
207 208 1
207 231 1
207 765 1
82 586 1
82 301 1
402 82 1
402 398 1
402 586 1
402 916 1
479 161 1
479 479 1
844 83 1
844 520 1
844 575 1
844 624 1
844 763 1
844 844 1
153 83 1
153 332 1
153 394 1
153 351 1
84 541 1
84 835 1
84 611 1
541 325 1
541 762 1
541 611 1
541 835 1
287 84 1
287 983 1
287 287 1
287 726 1
287 497 1
287 899 1
230 84 1
230 226 1
230 649 1
565 85 1
565 394 1
565 427 1
565 748 1
565 701 1
565 697 1
396 343 1
396 396 1
396 411 1
396 810 1
560 86 1
560 167 1
560 276 1
560 678 1
560 646 1
560 916 1
977 158 1
977 230 1
977 409 1
977 485 1
977 628 1
977 918 1
88 518 1
88 272 1
88 340 1
88 495 1
296 88 1
296 231 1
296 495 1
296 862 1
296 296 1
296 814 1
296 583 1
575 88 1
575 90 1
575 97 1
575 296 1
575 387 1
575 462 1
472 88 1
472 270 1
472 327 1
495 231 1
495 270 1
495 588 1
89 832 1
89 959 1
89 313 1
89 439 1
89 446 1
89 760 1
89 436 1
89 695 1
89 307 1
89 678 1
89 411 1
959 189 1
959 678 1
959 939 1
939 89 1
939 90 1
939 313 1
939 579 1
939 721 1
939 941 1
461 89 1
461 937 1
461 932 1
739 89 1
739 445 1
739 869 1
739 744 1
313 311 1
313 412 1
439 961 1
439 874 1
932 89 1
932 439 1
932 586 1
932 869 1
760 520 1
883 89 1
883 121 1
883 268 1
883 417 1
436 704 1
436 845 1
695 276 1
695 883 1
695 760 1
695 959 1
325 89 1
325 845 1
325 932 1
325 502 1
460 89 1
460 268 1
460 404 1
458 89 1
458 458 1
268 89 1
268 247 1
268 423 1
268 529 1
268 404 1
189 89 1
189 92 1
189 404 1
189 458 1
189 704 1
189 705 1
721 89 1
307 590 1
307 780 1
307 716 1
411 407 1
411 786 1
411 668 1
90 935 1
90 296 1
90 971 1
935 327 1
935 472 1
827 91 1
827 150 1
827 465 1
827 541 1
827 618 1
827 643 1
827 810 1
827 940 1
827 992 1
91 708 1
91 468 1
91 287 1
91 992 1
91 611 1
91 834 1
91 984 1
91 970 1
91 356 1
708 434 1
708 541 1
708 835 1
708 974 1
638 91 1
638 481 1
992 154 1
777 91 1
777 110 1
777 287 1
777 541 1
777 585 1
777 996 1
834 102 1
984 440 1
984 535 1
984 558 1
984 909 1
970 449 1
970 797 1
970 846 1
970 864 1
891 92 1
891 531 1
845 189 1
845 268 1
845 270 1
845 381 1
845 446 1
845 463 1
845 695 1
845 725 1
845 941 1
845 937 1
845 910 1
116 333 1
116 395 1
116 662 1
116 175 1
829 218 1
829 474 1
829 757 1
925 166 1
925 213 1
925 303 1
925 385 1
728 94 1
728 563 1
728 862 1
889 563 1
889 678 1
889 729 1
790 252 1
790 774 1
790 839 1
790 958 1
602 221 1
602 409 1
166 114 1
804 96 1
804 750 1
804 804 1
281 97 1
281 781 1
281 476 1
281 877 1
281 424 1
281 494 1
792 98 1
792 155 1
792 160 1
792 161 1
792 225 1
792 284 1
792 368 1
792 473 1
792 493 1
792 498 1
792 581 1
792 612 1
792 980 1
792 975 1
792 877 1
98 187 1
98 272 1
98 207 1
187 155 1
187 733 1
187 869 1
187 817 1
187 403 1
187 710 1
879 98 1
879 155 1
879 544 1
879 947 1
681 98 1
681 167 1
681 216 1
681 303 1
681 788 1
882 155 1
882 277 1
882 505 1
882 574 1
202 623 1
202 257 1
202 208 1
202 606 1
202 765 1
100 454 1
100 951 1
100 190 1
454 700 1
466 100 1
466 128 1
466 454 1
466 696 1
466 881 1
466 853 1
951 125 1
951 935 1
190 816 1
190 516 1
190 325 1
434 101 1
434 322 1
450 184 1
450 195 1
450 440 1
102 141 1
102 140 1
102 318 1
102 851 1
102 737 1
102 449 1
102 253 1
102 785 1
102 341 1
140 199 1
140 632 1
140 774 1
140 737 1
140 801 1
140 865 1
140 147 1
571 102 1
571 449 1
571 779 1
571 754 1
318 140 1
318 141 1
318 773 1
318 712 1
318 851 1
851 134 1
851 632 1
851 773 1
851 953 1
199 102 1
199 773 1
199 571 1
199 449 1
737 468 1
737 666 1
737 773 1
737 851 1
745 102 1
745 204 1
745 571 1
745 712 1
745 953 1
745 756 1
745 948 1
449 140 1
449 755 1
449 796 1
253 543 1
253 872 1
253 310 1
253 476 1
103 444 1
103 779 1
103 784 1
103 933 1
731 103 1
731 135 1
731 310 1
731 644 1
779 269 1
779 352 1
779 407 1
779 512 1
779 522 1
779 534 1
779 556 1
779 779 1
779 933 1
784 407 1
784 534 1
784 784 1
784 933 1
784 865 1
104 780 1
104 305 1
104 693 1
104 151 1
410 104 1
410 780 1
410 844 1
410 693 1
162 105 1
162 419 1
162 246 1
162 879 1
162 162 1
162 174 1
162 164 1
943 290 1
943 309 1
943 320 1
943 321 1
943 447 1
943 614 1
943 943 1
252 105 1
252 247 1
252 955 1
252 270 1
252 408 1
252 903 1
732 105 1
732 185 1
732 407 1
732 804 1
107 854 1
107 214 1
107 692 1
854 153 1
854 256 1
854 370 1
854 393 1
854 756 1
854 871 1
854 854 1
854 900 1
854 952 1
214 518 1
214 386 1
214 854 1
214 633 1
214 425 1
991 107 1
991 254 1
991 267 1
991 386 1
991 523 1
991 802 1
991 871 1
871 107 1
871 386 1
871 533 1
692 616 1
963 108 1
963 139 1
963 213 1
963 275 1
963 541 1
963 566 1
963 785 1
963 999 1
378 108 1
378 578 1
864 209 1
864 233 1
864 251 1
864 538 1
864 601 1
864 691 1
864 820 1
864 826 1
864 852 1
109 820 1
109 209 1
109 864 1
820 129 1
820 238 1
820 557 1
820 579 1
820 580 1
820 811 1
820 971 1
927 799 1
927 834 1
927 988 1
927 927 1
628 135 1
628 302 1
628 644 1
628 646 1
628 916 1
491 111 1
491 662 1
491 800 1
771 151 1
771 771 1
663 112 1
663 143 1
663 302 1
663 997 1
663 663 1
494 266 1
494 476 1
494 543 1
907 113 1
907 527 1
907 551 1
397 113 1
397 903 1
921 562 1
921 567 1
921 755 1
532 113 1
532 975 1
532 803 1
532 565 1
669 189 1
669 721 1
669 932 1
114 650 1
114 402 1
114 783 1
650 166 1
650 368 1
650 398 1
650 453 1
650 808 1
650 650 1
957 467 1
957 576 1
957 607 1
957 658 1
957 666 1
471 466 1
471 816 1
471 991 1
909 193 1
909 999 1
648 364 1
648 449 1
648 633 1
648 838 1
300 115 1
300 388 1
300 691 1
662 150 1
662 482 1
662 807 1
662 900 1
662 840 1
117 820 1
117 693 1
117 209 1
117 864 1
377 117 1
377 129 1
377 780 1
377 484 1
377 820 1
377 636 1
644 118 1
644 261 1
644 617 1
644 741 1
644 916 1
644 986 1
118 167 1
118 348 1
167 646 1
167 630 1
167 348 1
167 605 1
167 853 1
167 238 1
997 118 1
593 119 1
593 129 1
593 366 1
593 508 1
508 119 1
225 419 1
225 537 1
225 864 1
869 473 1
869 975 1
691 120 1
691 209 1
691 328 1
691 539 1
691 580 1
691 820 1
994 357 1
994 425 1
994 477 1
994 620 1
994 974 1
994 979 1
994 994 1
260 122 1
260 884 1
260 741 1
260 326 1
260 644 1
260 348 1
646 122 1
646 224 1
646 260 1
646 277 1
646 741 1
646 788 1
646 997 1
646 731 1
986 238 1
986 428 1
496 122 1
496 238 1
496 487 1
496 644 1
496 663 1
496 853 1
238 646 1
238 853 1
248 122 1
248 235 1
248 903 1
248 819 1
168 650 1
168 986 1
168 280 1
168 300 1
673 556 1
673 576 1
673 603 1
177 124 1
177 695 1
177 845 1
177 364 1
177 998 1
311 268 1
311 434 1
958 127 1
958 518 1
958 774 1
127 772 1
127 250 1
127 344 1
280 127 1
280 182 1
280 250 1
280 290 1
280 280 1
280 999 1
280 615 1
280 578 1
344 994 1
344 861 1
816 466 1
816 562 1
816 966 1
696 516 1
516 128 1
516 454 1
516 516 1
516 526 1
293 835 1
293 776 1
293 693 1
293 864 1
727 129 1
727 901 1
488 130 1
488 139 1
488 427 1
488 785 1
139 895 1
139 139 1
139 922 1
139 785 1
139 210 1
139 275 1
139 769 1
139 481 1
139 538 1
375 139 1
375 210 1
375 275 1
375 566 1
375 895 1
382 388 1
955 155 1
955 318 1
955 833 1
955 953 1
955 955 1
643 131 1
643 191 1
643 235 1
643 295 1
643 415 1
643 705 1
132 769 1
132 961 1
132 939 1
132 678 1
961 278 1
961 501 1
961 769 1
961 906 1
330 133 1
330 763 1
330 588 1
330 876 1
330 766 1
133 924 1
133 554 1
133 482 1
924 274 1
924 430 1
924 829 1
924 900 1
559 133 1
559 395 1
559 459 1
559 900 1
559 662 1
559 569 1
554 208 1
554 329 1
554 866 1
554 848 1
976 133 1
976 668 1
976 771 1
976 970 1
976 996 1
134 774 1
134 839 1
774 521 1
774 728 1
774 769 1
774 889 1
774 774 1
839 678 1
839 839 1
880 134 1
880 780 1
880 949 1
135 465 1
135 997 1
135 238 1
788 135 1
788 853 1
399 235 1
399 558 1
399 694 1
698 136 1
698 733 1
698 702 1
698 705 1
137 739 1
137 625 1
137 779 1
775 137 1
775 407 1
775 712 1
775 774 1
775 815 1
775 779 1
625 359 1
625 512 1
625 779 1
625 865 1
138 503 1
138 280 1
138 451 1
856 138 1
856 327 1
856 456 1
856 487 1
856 492 1
856 667 1
856 814 1
895 210 1
895 285 1
895 636 1
895 922 1
895 895 1
922 151 1
922 375 1
922 920 1
275 210 1
275 922 1
275 338 1
275 703 1
275 960 1
239 139 1
239 810 1
239 378 1
481 254 1
481 269 1
481 287 1
481 983 1
481 788 1
632 454 1
632 773 1
574 140 1
574 302 1
574 574 1
865 775 1
865 779 1
865 858 1
805 140 1
805 219 1
805 262 1
805 854 1
414 639 1
414 898 1
414 837 1
142 900 1
142 908 1
142 782 1
142 588 1
900 218 1
900 820 1
900 838 1
913 142 1
913 221 1
913 426 1
913 434 1
215 991 1
215 580 1
144 859 1
144 655 1
144 957 1
859 257 1
859 846 1
846 144 1
846 909 1
655 170 1
655 183 1
655 324 1
655 437 1
655 647 1
145 291 1
145 523 1
145 163 1
145 543 1
145 364 1
291 694 1
291 957 1
273 145 1
273 581 1
273 518 1
273 893 1
273 797 1
664 145 1
664 192 1
664 576 1
664 976 1
455 979 1
455 668 1
455 546 1
941 520 1
941 554 1
941 959 1
511 822 1
511 613 1
836 193 1
836 283 1
836 694 1
714 807 1
430 474 1
430 559 1
430 823 1
430 754 1
569 150 1
569 274 1
569 302 1
569 504 1
569 924 1
569 900 1
652 339 1
652 891 1
652 652 1
652 915 1
257 178 1
257 798 1
257 973 1
257 600 1
257 848 1
257 336 1
257 631 1
929 152 1
929 349 1
929 899 1
929 929 1
850 459 1
850 467 1
850 589 1
278 153 1
278 375 1
278 796 1
278 864 1
995 153 1
995 278 1
995 561 1
995 796 1
995 995 1
285 154 1
285 678 1
550 503 1
550 530 1
550 671 1
950 521 1
950 645 1
950 678 1
286 155 1
286 792 1
286 286 1
286 869 1
936 155 1
936 211 1
936 459 1
936 570 1
936 708 1
936 851 1
419 160 1
419 169 1
419 735 1
584 162 1
584 244 1
584 493 1
584 535 1
584 881 1
539 156 1
539 546 1
390 424 1
390 569 1
224 986 1
224 896 1
224 361 1
289 157 1
289 424 1
289 384 1
614 157 1
614 309 1
614 321 1
614 385 1
614 390 1
614 424 1
614 472 1
424 424 1
158 905 1
158 294 1
294 215 1
294 386 1
294 991 1
998 158 1
998 731 1
998 832 1
998 939 1
160 911 1
160 282 1
161 392 1
161 483 1
308 161 1
308 992 1
308 492 1
975 161 1
975 286 1
975 292 1
975 507 1
975 581 1
975 587 1
975 612 1
975 821 1
975 895 1
975 975 1
483 402 1
483 893 1
483 614 1
203 162 1
203 726 1
203 646 1
203 701 1
594 164 1
594 256 1
594 288 1
594 297 1
594 508 1
594 592 1
594 731 1
548 746 1
548 628 1
437 166 1
437 324 1
437 808 1
358 166 1
358 818 1
630 224 1
630 274 1
630 302 1
630 853 1
605 336 1
605 587 1
605 903 1
923 167 1
923 793 1
923 878 1
923 923 1
853 236 1
853 260 1
853 646 1
853 647 1
853 741 1
853 916 1
853 884 1
513 171 1
513 475 1
513 517 1
171 392 1
171 171 1
171 232 1
825 171 1
825 308 1
825 350 1
825 422 1
825 579 1
825 650 1
173 532 1
173 398 1
173 730 1
173 956 1
398 178 1
398 586 1
398 398 1
398 716 1
398 500 1
350 173 1
350 579 1
350 435 1
350 737 1
350 480 1
350 540 1
350 406 1
350 960 1
956 387 1
956 567 1
956 903 1
982 174 1
982 468 1
982 749 1
982 815 1
982 903 1
862 242 1
198 175 1
198 187 1
198 393 1
699 373 1
699 473 1
699 554 1
372 524 1
372 527 1
372 675 1
372 755 1
304 176 1
304 830 1
304 405 1
304 804 1
670 176 1
670 863 1
670 948 1
185 178 1
185 795 1
185 831 1
200 178 1
200 824 1
200 575 1
200 441 1
200 253 1
179 935 1
179 231 1
179 296 1
179 206 1
179 468 1
179 595 1
231 996 1
231 238 1
595 323 1
595 499 1
595 903 1
595 688 1
595 690 1
595 705 1
898 180 1
898 251 1
898 661 1
898 742 1
898 743 1
978 975 1
184 962 1
184 463 1
184 822 1
962 314 1
962 824 1
962 947 1
962 962 1
822 454 1
822 598 1
415 186 1
415 235 1
415 903 1
415 415 1
264 677 1
264 725 1
264 903 1
725 186 1
828 616 1
828 698 1
828 903 1
828 952 1
828 879 1
191 186 1
191 358 1
191 191 1
191 235 1
191 315 1
191 514 1
191 730 1
191 745 1
596 186 1
596 191 1
890 186 1
890 690 1
741 186 1
741 788 1
544 187 1
544 225 1
544 507 1
544 562 1
544 975 1
403 247 1
403 634 1
403 938 1
710 473 1
710 710 1
710 975 1
710 868 1
188 793 1
188 553 1
188 320 1
188 752 1
188 503 1
752 507 1
752 635 1
752 878 1
338 188 1
338 338 1
404 198 1
404 962 1
404 446 1
573 189 1
573 209 1
573 325 1
573 343 1
555 189 1
555 461 1
555 531 1
555 555 1
704 325 1
557 189 1
557 209 1
557 276 1
557 457 1
557 780 1
557 685 1
557 693 1
530 190 1
530 454 1
530 966 1
217 191 1
217 701 1
217 491 1
217 604 1
217 364 1
315 296 1
315 705 1
866 191 1
866 257 1
866 329 1
866 589 1
866 973 1
581 192 1
581 368 1
581 562 1
581 936 1
763 813 1
763 763 1
310 917 1
310 598 1
917 281 1
917 367 1
917 512 1
917 598 1
917 688 1
917 917 1
194 642 1
194 830 1
194 863 1
194 194 1
642 324 1
642 968 1
642 642 1
389 194 1
389 642 1
389 863 1
389 919 1
389 404 1
389 853 1
389 492 1
388 306 1
388 793 1
388 553 1
388 878 1
353 206 1
353 942 1
353 538 1
353 492 1
353 359 1
337 198 1
337 337 1
337 565 1
848 198 1
417 201 1
606 208 1
606 694 1
606 765 1
606 820 1
374 202 1
374 207 1
374 585 1
374 850 1
374 892 1
374 722 1
374 972 1
374 952 1
374 715 1
756 203 1
756 911 1
204 394 1
204 776 1
204 204 1
204 995 1
776 394 1
776 621 1
776 627 1
684 204 1
684 304 1
684 687 1
684 804 1
684 960 1
599 206 1
599 436 1
599 443 1
599 461 1
892 207 1
892 208 1
892 935 1
537 207 1
537 972 1
537 722 1
857 207 1
857 208 1
857 679 1
589 207 1
589 257 1
589 848 1
589 594 1
295 207 1
295 705 1
645 208 1
972 235 1
972 722 1
972 892 1
347 537 1
407 211 1
407 865 1
407 625 1
722 208 1
722 311 1
722 347 1
722 892 1
722 991 1
722 791 1
724 209 1
724 597 1
724 744 1
724 875 1
504 209 1
504 557 1
504 693 1
580 209 1
580 949 1
459 211 1
459 292 1
459 975 1
706 212 1
706 387 1
706 706 1
633 774 1
633 806 1
633 894 1
271 214 1
271 520 1
271 573 1
271 832 1
425 914 1
802 215 1
802 294 1
218 274 1
218 965 1
218 517 1
517 332 1
517 517 1
474 218 1
474 395 1
474 662 1
474 569 1
474 532 1
220 256 1
220 653 1
220 849 1
220 649 1
649 649 1
221 659 1
221 680 1
221 369 1
221 244 1
221 376 1
221 875 1
279 221 1
279 279 1
244 525 1
875 322 1
875 913 1
875 977 1
837 668 1
837 765 1
837 898 1
640 646 1
428 282 1
428 913 1
428 626 1
428 602 1
428 428 1
428 683 1
428 842 1
428 939 1
428 511 1
675 226 1
343 521 1
228 962 1
228 931 1
228 261 1
228 871 1
228 937 1
778 228 1
778 472 1
778 720 1
778 827 1
947 228 1
947 261 1
947 809 1
270 231 1
270 724 1
270 575 1
996 287 1
996 595 1
996 835 1
996 983 1
887 282 1
887 562 1
233 775 1
233 865 1
233 844 1
690 235 1
690 657 1
690 696 1
884 238 1
884 302 1
945 441 1
945 588 1
945 629 1
945 724 1
842 243 1
842 433 1
842 680 1
368 244 1
368 383 1
368 879 1
475 244 1
475 392 1
475 579 1
357 247 1
357 526 1
357 912 1
357 359 1
759 288 1
759 669 1
759 885 1
874 248 1
874 268 1
874 328 1
874 520 1
874 686 1
874 704 1
874 795 1
874 826 1
874 845 1
874 874 1
874 876 1
486 249 1
486 260 1
486 518 1
486 950 1
486 769 1
254 827 1
254 465 1
254 325 1
254 967 1
811 254 1
811 293 1
811 484 1
811 864 1
288 256 1
288 366 1
288 716 1
288 674 1
288 326 1
334 288 1
334 852 1
334 709 1
334 593 1
334 594 1
855 256 1
855 329 1
855 407 1
855 606 1
855 972 1
973 329 1
973 578 1
794 257 1
794 396 1
794 668 1
794 794 1
297 257 1
297 823 1
297 812 1
297 766 1
618 465 1
618 638 1
860 259 1
860 592 1
860 676 1
860 835 1
974 259 1
974 261 1
974 396 1
974 459 1
974 465 1
974 481 1
974 541 1
974 755 1
974 777 1
974 860 1
974 992 1
983 259 1
983 778 1
326 640 1
326 946 1
326 862 1
262 262 1
262 562 1
833 263 1
833 350 1
833 545 1
833 795 1
762 264 1
762 344 1
762 461 1
762 574 1
762 590 1
762 827 1
762 981 1
762 996 1
750 572 1
750 656 1
750 930 1
323 265 1
323 323 1
269 402 1
269 365 1
269 534 1
269 933 1
682 269 1
682 293 1
682 302 1
682 580 1
682 820 1
682 691 1
841 270 1
841 312 1
841 330 1
841 441 1
858 271 1
858 387 1
355 272 1
355 904 1
355 813 1
355 497 1
355 744 1
355 796 1
656 273 1
656 485 1
656 604 1
656 875 1
703 402 1
703 527 1
703 808 1
703 703 1
277 312 1
277 413 1
413 385 1
413 879 1
791 279 1
791 440 1
290 714 1
290 321 1
290 614 1
290 320 1
873 385 1
873 437 1
803 286 1
803 975 1
803 883 1
384 288 1
990 291 1
990 650 1
990 990 1
949 293 1
949 691 1
949 826 1
949 897 1
583 575 1
583 862 1
583 744 1
583 918 1
583 967 1
812 686 1
812 776 1
812 799 1
303 810 1
385 303 1
729 304 1
729 558 1
729 593 1
729 738 1
729 847 1
484 305 1
484 693 1
484 864 1
309 390 1
309 309 1
876 311 1
876 439 1
876 520 1
876 639 1
597 312 1
597 330 1
597 557 1
597 975 1
597 935 1
597 769 1
512 313 1
512 865 1
512 933 1
327 744 1
327 844 1
328 557 1
612 473 1
612 492 1
985 508 1
985 668 1
985 933 1
352 534 1
352 865 1
521 477 1
521 616 1
861 358 1
861 359 1
861 644 1
861 764 1
861 979 1
861 994 1
420 347 1
420 678 1
420 837 1
420 685 1
435 579 1
435 825 1
435 475 1
435 841 1
435 977 1
406 406 1
406 901 1
406 425 1
601 360 1
601 693 1
601 744 1
754 424 1
754 492 1
754 701 1
754 843 1
697 915 1
440 779 1
440 751 1
440 951 1
440 953 1
843 365 1
843 440 1
843 886 1
527 562 1
527 886 1
527 551 1
510 374 1
510 408 1
510 517 1
510 903 1
639 379 1
639 660 1
639 759 1
381 555 1
381 941 1
821 383 1
821 570 1
821 792 1
751 604 1
751 721 1
751 890 1
944 388 1
944 868 1
944 905 1
720 393 1
720 740 1
720 800 1
809 395 1
809 557 1
809 780 1
809 826 1
809 864 1
916 870 1
928 413 1
928 667 1
928 670 1
928 759 1
928 948 1
528 414 1
528 898 1
528 528 1
607 425 1
607 988 1
452 501 1
452 599 1
452 735 1
452 969 1
452 689 1
501 460 1
501 898 1
501 832 1
462 597 1
462 622 1
490 912 1
490 726 1
490 576 1
570 493 1
570 723 1
570 744 1
667 532 1
667 649 1
667 925 1
515 973 1
515 892 1
515 554 1
515 857 1
954 518 1
954 774 1
954 781 1
954 783 1
666 978 1
610 722 1
610 705 1
610 741 1
