0 15 1
0 256 1
0 709 1
15 98 1
15 756 1
15 938 1
15 751 1
15 855 1
15 265 1
15 816 1
15 225 1
15 754 1
15 770 1
15 345 1
35 0 1
35 965 1
35 277 1
35 138 1
35 757 1
256 524 1
387 0 1
387 137 1
387 417 1
387 525 1
524 0 1
524 524 1
524 965 1
524 575 1
524 687 1
276 0 1
276 9 1
276 25 1
276 36 1
276 81 1
276 118 1
276 195 1
276 200 1
276 204 1
276 205 1
276 209 1
276 238 1
276 262 1
276 267 1
276 566 1
276 295 1
276 862 1
276 845 1
276 932 1
276 806 1
276 785 1
276 429 1
276 290 1
276 741 1
276 840 1
276 857 1
276 749 1
276 544 1
276 276 1
276 906 1
276 364 1
276 766 1
276 801 1
276 632 1
276 322 1
276 764 1
276 502 1
276 854 1
276 391 1
276 447 1
276 986 1
276 887 1
709 137 1
709 245 1
709 387 1
709 414 1
709 508 1
709 709 1
709 721 1
884 0 1
884 2 1
884 94 1
884 203 1
884 456 1
884 569 1
884 613 1
884 710 1
884 804 1
884 834 1
884 884 1
884 972 1
44 0 1
44 900 1
44 848 1
44 365 1
44 379 1
44 168 1
44 610 1
44 833 1
1 368 1
1 24 1
1 953 1
1 940 1
1 715 1
368 203 1
368 940 1
24 913 1
24 24 1
24 169 1
24 981 1
24 476 1
24 877 1
953 33 1
953 708 1
953 802 1
940 913 1
939 1 1
939 42 1
939 407 1
939 659 1
939 768 1
913 1 1
913 830 1
913 913 1
303 1 1
303 24 1
303 203 1
303 940 1
303 953 1
303 913 1
303 826 1
303 880 1
303 966 1
107 1 1
107 75 1
107 796 1
107 310 1
107 173 1
107 495 1
107 161 1
107 117 1
107 704 1
107 731 1
107 140 1
107 194 1
107 513 1
107 771 1
107 296 1
107 255 1
107 285 1
107 536 1
107 700 1
107 230 1
107 552 1
107 589 1
107 615 1
107 261 1
107 697 1
107 549 1
107 225 1
107 996 1
107 622 1
715 5 1
715 18 1
715 47 1
715 58 1
715 90 1
715 108 1
715 122 1
715 135 1
715 149 1
715 164 1
715 194 1
715 212 1
715 218 1
715 222 1
715 233 1
715 245 1
715 300 1
715 326 1
715 362 1
715 457 1
715 470 1
715 521 1
715 532 1
715 569 1
715 580 1
715 593 1
715 669 1
715 698 1
715 715 1
715 989 1
715 738 1
715 858 1
628 1 1
628 462 1
628 501 1
628 533 1
628 628 1
932 2 1
932 395 1
932 765 1
932 921 1
2 55 1
2 689 1
2 463 1
2 897 1
55 247 1
55 958 1
55 603 1
55 320 1
55 919 1
55 457 1
55 582 1
55 652 1
55 456 1
725 2 1
725 141 1
725 335 1
725 437 1
725 466 1
725 727 1
725 872 1
725 839 1
725 982 1
474 2 1
474 105 1
474 108 1
474 119 1
474 153 1
474 172 1
474 173 1
474 194 1
474 195 1
474 217 1
474 331 1
474 333 1
474 415 1
474 470 1
474 698 1
474 771 1
474 522 1
474 532 1
474 989 1
474 641 1
474 601 1
474 780 1
474 731 1
474 783 1
474 694 1
474 505 1
668 2 1
668 525 1
668 671 1
668 833 1
689 67 1
689 84 1
689 87 1
689 162 1
689 204 1
689 311 1
689 400 1
689 408 1
689 430 1
689 450 1
689 560 1
689 612 1
689 646 1
689 653 1
689 745 1
689 699 1
689 860 1
689 830 1
321 2 1
321 108 1
321 151 1
321 208 1
321 698 1
321 619 1
321 631 1
321 830 1
321 344 1
321 400 1
321 954 1
463 54 1
463 173 1
463 211 1
463 237 1
463 754 1
463 755 1
463 966 1
897 65 1
897 425 1
897 465 1
897 735 1
897 879 1
897 919 1
3 210 1
3 217 1
3 976 1
210 147 1
210 160 1
210 592 1
210 288 1
210 834 1
210 687 1
210 757 1
210 954 1
852 3 1
852 739 1
852 852 1
946 3 1
946 151 1
946 611 1
946 698 1
217 37 1
217 58 1
217 117 1
217 615 1
217 976 1
217 698 1
217 771 1
261 3 1
261 946 1
261 852 1
261 701 1
261 394 1
261 261 1
261 839 1
261 688 1
394 3 1
394 48 1
394 49 1
394 57 1
394 454 1
394 701 1
394 636 1
394 946 1
394 741 1
394 395 1
801 3 1
801 204 1
801 322 1
801 456 1
801 903 1
801 901 1
801 857 1
801 887 1
801 921 1
57 3 1
57 30 1
57 943 1
57 559 1
57 465 1
57 301 1
57 986 1
57 448 1
57 807 1
57 647 1
57 133 1
57 870 1
57 234 1
57 821 1
57 836 1
57 823 1
57 445 1
57 425 1
57 386 1
57 567 1
57 561 1
57 853 1
57 598 1
57 396 1
57 973 1
57 271 1
57 834 1
57 328 1
57 918 1
57 348 1
57 126 1
57 389 1
57 256 1
57 527 1
57 242 1
57 516 1
57 919 1
57 513 1
57 893 1
976 14 1
976 61 1
976 131 1
976 143 1
976 154 1
976 167 1
976 243 1
976 260 1
976 325 1
976 333 1
976 372 1
976 400 1
976 401 1
976 403 1
976 423 1
976 458 1
976 490 1
976 510 1
976 535 1
976 547 1
976 551 1
976 570 1
976 574 1
976 632 1
976 646 1
976 649 1
976 669 1
976 670 1
976 678 1
976 681 1
976 693 1
976 919 1
976 926 1
976 935 1
976 976 1
243 4 1
243 263 1
243 926 1
243 963 1
4 403 1
4 154 1
4 471 1
4 389 1
4 670 1
4 219 1
4 681 1
4 574 1
4 241 1
4 906 1
4 480 1
4 192 1
4 898 1
4 619 1
4 263 1
4 926 1
4 128 1
403 72 1
403 257 1
403 263 1
403 282 1
403 434 1
403 448 1
403 963 1
154 14 1
154 61 1
154 72 1
154 982 1
154 282 1
154 154 1
154 188 1
154 389 1
154 464 1
154 681 1
154 800 1
154 459 1
154 456 1
154 289 1
154 998 1
154 363 1
154 926 1
154 458 1
154 223 1
154 722 1
142 4 1
142 108 1
142 282 1
142 485 1
142 499 1
142 471 1
142 693 1
142 985 1
142 352 1
142 953 1
142 458 1
142 223 1
142 241 1
207 4 1
207 160 1
207 741 1
207 781 1
207 848 1
207 926 1
207 458 1
207 976 1
207 963 1
423 4 1
423 16 1
423 142 1
423 585 1
423 458 1
423 685 1
485 4 1
485 154 1
485 263 1
485 276 1
485 976 1
485 687 1
485 792 1
471 458 1
471 551 1
471 574 1
471 976 1
499 4 1
499 263 1
499 328 1
499 348 1
499 755 1
499 926 1
499 963 1
499 922 1
418 4 1
418 263 1
418 321 1
418 551 1
418 453 1
418 458 1
418 976 1
389 61 1
389 848 1
389 978 1
389 718 1
389 435 1
389 976 1
670 241 1
670 263 1
670 547 1
670 551 1
670 829 1
260 4 1
260 599 1
260 677 1
260 681 1
260 963 1
535 4 1
535 154 1
535 372 1
535 926 1
219 263 1
219 926 1
219 253 1
219 488 1
219 963 1
219 802 1
681 332 1
681 620 1
681 926 1
681 963 1
574 282 1
188 4 1
188 976 1
188 689 1
372 4 1
372 458 1
372 746 1
241 16 1
241 397 1
241 646 1
241 926 1
241 700 1
241 389 1
241 435 1
241 898 1
241 967 1
906 9 1
906 322 1
906 345 1
906 458 1
906 723 1
906 740 1
480 344 1
480 732 1
480 536 1
329 4 1
329 9 1
329 57 1
329 204 1
329 276 1
329 632 1
329 366 1
192 11 1
192 42 1
192 121 1
192 768 1
192 270 1
192 397 1
192 659 1
192 407 1
192 500 1
192 789 1
192 903 1
192 509 1
898 72 1
898 208 1
898 421 1
898 424 1
898 636 1
898 684 1
898 689 1
898 699 1
898 707 1
898 830 1
898 886 1
898 934 1
761 4 1
761 57 1
761 70 1
761 160 1
761 220 1
761 614 1
761 620 1
761 761 1
761 881 1
761 905 1
761 982 1
490 4 1
490 14 1
490 276 1
490 857 1
490 921 1
619 94 1
619 115 1
619 344 1
619 368 1
619 408 1
619 511 1
619 557 1
619 567 1
619 582 1
619 594 1
619 612 1
619 620 1
619 929 1
619 961 1
619 794 1
619 658 1
619 757 1
263 142 1
263 154 1
263 165 1
263 188 1
263 200 1
263 223 1
263 457 1
263 535 1
263 629 1
263 510 1
263 333 1
263 263 1
263 372 1
263 681 1
263 332 1
263 551 1
263 848 1
263 435 1
263 693 1
263 963 1
263 471 1
263 442 1
263 886 1
263 566 1
263 627 1
263 575 1
263 306 1
263 688 1
263 817 1
263 386 1
263 979 1
926 142 1
926 188 1
926 223 1
926 260 1
926 263 1
926 333 1
926 389 1
926 401 1
926 418 1
926 435 1
926 458 1
926 468 1
926 471 1
926 485 1
926 510 1
926 550 1
926 563 1
926 649 1
926 667 1
926 670 1
926 694 1
926 720 1
926 797 1
926 837 1
926 880 1
926 921 1
926 935 1
926 926 1
926 929 1
458 4 1
458 11 1
458 16 1
458 18 1
458 20 1
458 72 1
458 150 1
458 188 1
458 219 1
458 223 1
458 243 1
458 263 1
458 304 1
458 389 1
458 401 1
458 403 1
458 435 1
458 438 1
458 442 1
458 649 1
458 670 1
458 848 1
458 935 1
458 800 1
458 574 1
458 535 1
458 667 1
458 894 1
458 941 1
458 902 1
458 715 1
458 996 1
128 75 1
128 93 1
128 108 1
128 123 1
128 323 1
128 255 1
128 746 1
128 160 1
128 474 1
128 536 1
128 522 1
128 194 1
128 569 1
128 698 1
128 128 1
128 390 1
128 221 1
128 382 1
128 140 1
128 131 1
128 734 1
128 641 1
128 645 1
128 495 1
128 570 1
128 571 1
128 576 1
128 841 1
128 528 1
128 945 1
128 436 1
128 414 1
128 574 1
128 276 1
128 715 1
128 771 1
128 300 1
462 4 1
462 100 1
462 101 1
462 102 1
462 104 1
462 117 1
462 125 1
462 144 1
462 180 1
462 184 1
462 198 1
462 215 1
462 224 1
462 242 1
462 278 1
462 348 1
462 359 1
462 395 1
462 416 1
462 635 1
462 791 1
462 802 1
462 716 1
462 590 1
462 595 1
462 583 1
462 617 1
462 462 1
462 688 1
462 660 1
462 889 1
462 970 1
462 697 1
462 801 1
462 932 1
462 755 1
462 808 1
5 111 1
5 233 1
5 844 1
5 229 1
5 128 1
5 470 1
5 996 1
5 631 1
111 338 1
111 239 1
111 812 1
111 421 1
111 771 1
859 5 1
859 268 1
859 276 1
859 741 1
859 765 1
406 5 1
406 30 1
406 288 1
406 654 1
362 5 1
362 108 1
362 131 1
362 223 1
362 242 1
362 287 1
362 296 1
362 513 1
362 390 1
362 521 1
362 714 1
362 773 1
362 474 1
488 5 1
488 58 1
488 117 1
488 128 1
488 465 1
488 513 1
488 656 1
488 802 1
255 5 1
255 18 1
255 58 1
255 83 1
255 108 1
255 593 1
255 715 1
255 746 1
255 996 1
233 18 1
233 128 1
233 160 1
233 552 1
233 249 1
233 656 1
233 731 1
538 5 1
538 773 1
538 884 1
538 838 1
538 792 1
538 635 1
538 833 1
844 158 1
844 204 1
844 465 1
229 200 1
229 723 1
229 875 1
229 288 1
229 801 1
229 981 1
229 777 1
229 276 1
229 322 1
229 433 1
62 5 1
62 20 1
62 466 1
62 742 1
62 194 1
62 360 1
62 128 1
62 140 1
746 5 1
746 47 1
746 57 1
746 108 1
746 154 1
746 161 1
746 164 1
746 217 1
746 233 1
746 247 1
746 300 1
746 306 1
746 323 1
746 390 1
746 471 1
746 495 1
746 521 1
746 536 1
746 580 1
746 636 1
746 645 1
746 653 1
746 656 1
746 696 1
746 710 1
746 736 1
746 738 1
746 746 1
746 771 1
746 945 1
746 843 1
746 765 1
746 757 1
470 46 1
470 47 1
470 110 1
470 200 1
470 287 1
470 331 1
470 348 1
470 481 1
470 593 1
470 999 1
470 558 1
470 930 1
996 8 1
996 60 1
996 62 1
996 90 1
996 105 1
996 117 1
996 172 1
996 205 1
996 213 1
996 217 1
996 221 1
996 233 1
996 323 1
996 390 1
996 484 1
996 487 1
996 488 1
996 506 1
996 513 1
996 522 1
996 541 1
996 569 1
996 580 1
996 581 1
996 624 1
996 641 1
996 648 1
996 656 1
996 715 1
996 731 1
996 771 1
996 796 1
996 843 1
996 874 1
996 877 1
996 911 1
996 926 1
996 989 1
996 996 1
631 20 1
631 37 1
631 110 1
631 125 1
631 155 1
631 206 1
631 230 1
631 281 1
631 309 1
631 346 1
631 365 1
631 413 1
631 459 1
631 460 1
631 476 1
631 489 1
631 493 1
631 505 1
631 541 1
631 550 1
631 594 1
631 613 1
631 689 1
631 685 1
631 959 1
631 811 1
631 843 1
631 819 1
631 757 1
631 680 1
631 727 1
631 632 1
631 817 1
631 830 1
22 6 1
22 977 1
22 761 1
22 22 1
22 982 1
22 976 1
6 23 1
6 803 1
6 274 1
6 808 1
6 446 1
6 87 1
6 119 1
6 496 1
23 803 1
23 721 1
803 99 1
803 171 1
803 216 1
803 274 1
803 385 1
803 434 1
803 693 1
803 725 1
803 803 1
803 905 1
803 931 1
861 6 1
861 18 1
274 216 1
274 400 1
53 6 1
53 385 1
53 618 1
211 6 1
211 85 1
211 166 1
211 171 1
211 618 1
211 602 1
211 900 1
211 861 1
132 6 1
132 53 1
132 85 1
132 385 1
132 216 1
132 861 1
132 211 1
132 342 1
132 276 1
918 6 1
918 425 1
918 454 1
918 887 1
265 6 1
265 755 1
808 108 1
808 597 1
808 602 1
808 642 1
808 995 1
446 425 1
446 820 1
446 851 1
446 876 1
446 792 1
446 460 1
87 31 1
87 76 1
87 320 1
87 848 1
87 715 1
87 652 1
87 819 1
87 262 1
87 591 1
87 416 1
87 424 1
87 579 1
87 250 1
87 413 1
87 587 1
87 637 1
87 818 1
87 680 1
87 482 1
87 814 1
87 683 1
87 954 1
87 236 1
87 438 1
87 214 1
87 956 1
87 94 1
87 745 1
87 682 1
87 687 1
87 813 1
87 577 1
87 545 1
87 668 1
87 383 1
87 588 1
87 760 1
87 119 1
87 824 1
87 753 1
87 353 1
87 686 1
87 681 1
87 540 1
87 849 1
87 620 1
87 283 1
87 241 1
87 268 1
87 174 1
87 712 1
87 651 1
87 139 1
87 879 1
87 457 1
87 122 1
87 395 1
119 159 1
119 478 1
119 521 1
119 826 1
119 379 1
119 156 1
119 811 1
119 642 1
119 206 1
119 525 1
119 850 1
119 587 1
119 310 1
119 447 1
119 519 1
119 193 1
119 408 1
119 954 1
119 456 1
496 87 1
496 88 1
496 94 1
496 114 1
496 128 1
496 147 1
496 156 1
496 165 1
496 177 1
496 183 1
496 193 1
496 202 1
496 203 1
496 221 1
496 240 1
496 245 1
496 251 1
496 282 1
496 330 1
496 367 1
496 376 1
496 381 1
496 384 1
496 400 1
496 416 1
496 430 1
496 456 1
496 478 1
496 757 1
496 884 1
496 560 1
496 538 1
496 865 1
496 707 1
496 631 1
496 954 1
496 908 1
496 874 1
496 675 1
496 596 1
496 937 1
496 512 1
496 819 1
496 978 1
496 655 1
496 869 1
496 929 1
496 646 1
496 693 1
496 930 1
496 881 1
496 705 1
496 820 1
552 7 1
552 10 1
552 462 1
552 552 1
552 740 1
7 338 1
7 661 1
7 137 1
7 107 1
7 400 1
610 7 1
610 273 1
610 343 1
610 552 1
610 662 1
610 858 1
338 10 1
338 169 1
338 338 1
338 764 1
338 696 1
338 722 1
661 57 1
661 299 1
661 358 1
661 382 1
661 437 1
661 465 1
661 607 1
661 912 1
661 982 1
661 708 1
662 7 1
662 273 1
662 552 1
662 921 1
137 97 1
137 220 1
137 674 1
137 798 1
137 414 1
137 294 1
137 308 1
137 137 1
137 744 1
137 565 1
137 417 1
137 591 1
652 7 1
652 101 1
652 119 1
652 150 1
652 162 1
652 253 1
652 260 1
652 586 1
652 664 1
400 119 1
400 151 1
400 196 1
400 256 1
400 330 1
400 349 1
400 365 1
400 625 1
400 687 1
400 708 1
400 826 1
400 773 1
400 493 1
400 749 1
400 414 1
400 514 1
400 446 1
8 925 1
8 973 1
8 507 1
8 684 1
8 960 1
8 881 1
8 909 1
8 735 1
8 412 1
8 82 1
8 982 1
8 17 1
8 341 1
8 342 1
8 315 1
8 534 1
8 64 1
8 432 1
8 828 1
8 563 1
8 79 1
8 579 1
8 353 1
8 870 1
8 465 1
925 133 1
925 136 1
925 204 1
925 247 1
925 269 1
925 276 1
925 364 1
925 419 1
925 466 1
925 469 1
925 539 1
925 580 1
925 726 1
925 739 1
925 754 1
925 799 1
925 887 1
925 981 1
973 570 1
973 996 1
369 8 1
369 102 1
369 140 1
369 356 1
369 514 1
369 823 1
369 870 1
369 506 1
369 507 1
369 733 1
437 8 1
437 17 1
437 21 1
437 55 1
437 57 1
437 69 1
437 82 1
437 95 1
437 124 1
437 133 1
437 158 1
437 258 1
437 313 1
437 357 1
437 370 1
437 386 1
437 412 1
437 559 1
437 834 1
437 829 1
437 777 1
437 744 1
437 982 1
437 836 1
437 872 1
437 437 1
437 823 1
437 445 1
437 484 1
437 585 1
437 832 1
437 928 1
437 735 1
437 905 1
437 916 1
437 570 1
437 736 1
437 728 1
437 553 1
437 940 1
437 913 1
437 816 1
437 587 1
437 762 1
437 950 1
437 706 1
437 662 1
437 886 1
437 776 1
507 9 1
507 97 1
507 559 1
507 725 1
507 839 1
507 982 1
684 462 1
684 849 1
960 133 1
960 437 1
960 687 1
960 729 1
960 802 1
960 833 1
960 870 1
960 899 1
478 8 1
478 57 1
478 68 1
478 302 1
478 357 1
478 374 1
478 386 1
478 396 1
478 661 1
478 851 1
478 870 1
478 919 1
478 920 1
478 478 1
478 888 1
478 647 1
478 905 1
478 718 1
478 728 1
478 568 1
478 509 1
478 494 1
478 562 1
881 133 1
881 303 1
881 331 1
881 437 1
881 465 1
881 671 1
881 863 1
881 901 1
881 990 1
317 8 1
317 288 1
317 297 1
317 407 1
317 791 1
317 466 1
317 982 1
909 57 1
909 365 1
909 425 1
909 677 1
909 823 1
909 982 1
909 963 1
735 84 1
735 271 1
735 320 1
735 424 1
735 445 1
735 472 1
735 506 1
735 528 1
735 572 1
735 594 1
735 597 1
735 607 1
735 624 1
735 715 1
735 905 1
735 930 1
735 951 1
735 829 1
735 848 1
735 742 1
735 803 1
735 794 1
735 919 1
445 8 1
445 133 1
445 938 1
445 465 1
445 515 1
445 687 1
412 17 1
412 154 1
412 320 1
412 870 1
412 465 1
412 642 1
370 8 1
370 94 1
370 263 1
370 411 1
370 457 1
370 522 1
777 8 1
777 108 1
777 425 1
777 484 1
777 619 1
777 851 1
777 947 1
777 982 1
570 8 1
570 57 1
570 304 1
570 313 1
570 317 1
570 343 1
570 425 1
570 462 1
570 465 1
570 489 1
570 991 1
570 890 1
570 684 1
570 872 1
570 900 1
570 881 1
570 619 1
570 713 1
570 891 1
570 572 1
570 947 1
570 964 1
82 840 1
82 930 1
82 540 1
82 725 1
82 449 1
982 11 1
982 38 1
982 43 1
982 57 1
982 77 1
982 82 1
982 131 1
982 153 1
982 213 1
982 301 1
982 326 1
982 328 1
982 342 1
982 343 1
982 351 1
982 370 1
982 373 1
982 391 1
982 418 1
982 424 1
982 466 1
982 478 1
982 514 1
982 527 1
982 528 1
982 551 1
982 559 1
982 573 1
982 607 1
982 684 1
982 689 1
982 703 1
982 743 1
982 744 1
982 790 1
982 829 1
982 834 1
982 849 1
982 864 1
982 881 1
982 890 1
982 912 1
982 936 1
982 990 1
982 991 1
17 57 1
17 670 1
17 133 1
17 725 1
17 297 1
17 388 1
17 466 1
17 998 1
17 180 1
585 8 1
585 320 1
585 465 1
341 57 1
341 528 1
341 441 1
341 692 1
341 425 1
341 715 1
448 8 1
448 163 1
448 320 1
448 344 1
448 735 1
342 55 1
342 133 1
342 829 1
342 849 1
342 870 1
342 388 1
342 425 1
342 478 1
315 95 1
315 287 1
315 677 1
315 947 1
315 986 1
315 870 1
315 927 1
315 396 1
315 928 1
315 425 1
315 982 1
534 203 1
534 325 1
534 493 1
534 496 1
534 505 1
534 550 1
534 541 1
534 687 1
534 830 1
64 46 1
64 643 1
64 715 1
629 8 1
629 320 1
629 458 1
629 797 1
629 848 1
629 926 1
629 976 1
629 963 1
432 33 1
432 107 1
432 128 1
432 141 1
432 143 1
432 193 1
432 351 1
432 586 1
432 456 1
268 8 1
268 94 1
268 157 1
268 966 1
268 891 1
268 765 1
268 945 1
268 295 1
268 912 1
268 779 1
268 363 1
268 288 1
268 887 1
268 982 1
268 577 1
828 402 1
828 421 1
828 900 1
563 57 1
563 237 1
563 348 1
563 471 1
563 787 1
563 966 1
563 831 1
563 714 1
563 710 1
79 42 1
79 140 1
79 583 1
79 462 1
579 48 1
579 457 1
579 996 1
353 89 1
353 223 1
353 348 1
353 926 1
353 594 1
353 830 1
870 82 1
870 133 1
870 140 1
870 154 1
870 167 1
870 249 1
870 258 1
870 293 1
870 301 1
870 335 1
870 343 1
870 386 1
870 437 1
870 443 1
870 449 1
870 457 1
870 465 1
870 466 1
870 506 1
870 550 1
870 561 1
870 570 1
870 585 1
870 595 1
870 677 1
870 703 1
870 735 1
870 805 1
870 820 1
870 834 1
870 851 1
870 918 1
870 881 1
870 920 1
870 919 1
870 982 1
870 879 1
870 976 1
425 8 1
425 77 1
425 106 1
425 213 1
425 266 1
425 271 1
425 285 1
425 297 1
425 320 1
425 391 1
425 559 1
425 870 1
425 821 1
425 881 1
425 425 1
425 899 1
425 844 1
425 646 1
425 677 1
425 445 1
425 958 1
425 661 1
425 561 1
425 489 1
425 912 1
425 575 1
425 986 1
425 436 1
425 983 1
425 650 1
425 758 1
425 803 1
425 581 1
425 605 1
425 568 1
425 825 1
425 753 1
425 469 1
425 904 1
425 947 1
465 17 1
465 43 1
465 54 1
465 77 1
465 82 1
465 96 1
465 153 1
465 166 1
465 186 1
465 217 1
465 233 1
465 271 1
465 292 1
465 320 1
465 335 1
465 370 1
465 388 1
465 411 1
465 425 1
465 437 1
465 447 1
465 448 1
465 567 1
465 735 1
465 561 1
465 991 1
465 603 1
465 479 1
465 514 1
465 528 1
465 677 1
465 902 1
465 506 1
465 973 1
465 465 1
465 872 1
465 540 1
465 982 1
465 738 1
465 765 1
465 580 1
465 813 1
465 634 1
465 691 1
465 658 1
465 927 1
465 997 1
465 586 1
622 8 1
622 19 1
622 79 1
622 81 1
622 141 1
622 151 1
622 340 1
622 443 1
622 471 1
622 482 1
622 512 1
622 541 1
622 596 1
622 996 1
622 819 1
622 826 1
622 686 1
622 623 1
622 644 1
622 720 1
622 736 1
622 687 1
622 757 1
566 9 1
566 204 1
566 268 1
566 302 1
566 395 1
566 966 1
566 740 1
9 9 1
9 887 1
9 785 1
9 288 1
9 827 1
9 775 1
9 723 1
9 883 1
9 428 1
9 766 1
9 632 1
9 259 1
9 148 1
9 976 1
9 768 1
9 59 1
9 233 1
9 995 1
9 30 1
9 544 1
9 903 1
9 458 1
9 89 1
887 164 1
887 237 1
887 312 1
887 322 1
887 406 1
887 462 1
887 602 1
887 748 1
887 840 1
887 874 1
887 963 1
312 9 1
312 151 1
312 302 1
312 741 1
312 490 1
312 360 1
312 550 1
312 706 1
312 344 1
247 9 1
247 204 1
247 741 1
247 775 1
247 899 1
247 628 1
842 9 1
842 200 1
842 276 1
842 553 1
842 652 1
921 9 1
921 45 1
921 49 1
921 83 1
921 229 1
921 237 1
921 240 1
921 247 1
921 261 1
921 268 1
921 288 1
921 290 1
921 294 1
921 312 1
921 322 1
921 329 1
921 337 1
921 341 1
921 371 1
921 384 1
921 413 1
921 419 1
921 429 1
921 474 1
921 494 1
921 502 1
921 563 1
921 632 1
921 723 1
921 726 1
921 728 1
921 739 1
921 748 1
921 765 1
921 775 1
921 840 1
921 842 1
921 857 1
921 859 1
921 887 1
921 903 1
921 919 1
921 945 1
921 921 1
921 965 1
921 947 1
785 200 1
785 288 1
785 723 1
785 857 1
288 200 1
288 209 1
288 638 1
288 764 1
288 766 1
288 329 1
288 429 1
288 932 1
288 740 1
288 903 1
288 825 1
288 840 1
288 312 1
288 836 1
288 556 1
288 627 1
288 456 1
288 534 1
288 989 1
288 649 1
288 435 1
827 204 1
827 229 1
827 268 1
827 276 1
827 322 1
827 508 1
827 793 1
891 9 1
891 18 1
891 200 1
891 288 1
891 664 1
891 723 1
891 921 1
775 200 1
775 369 1
775 464 1
775 951 1
723 53 1
723 81 1
723 150 1
723 200 1
723 204 1
723 259 1
723 268 1
723 269 1
723 295 1
723 339 1
723 406 1
723 408 1
723 429 1
723 553 1
723 686 1
723 749 1
723 883 1
723 827 1
723 728 1
723 723 1
723 957 1
723 936 1
723 916 1
723 765 1
723 881 1
723 884 1
205 9 1
205 48 1
205 723 1
205 268 1
205 857 1
205 921 1
883 118 1
883 200 1
883 276 1
883 465 1
883 747 1
290 9 1
290 204 1
290 229 1
290 723 1
290 887 1
290 925 1
428 129 1
428 138 1
428 166 1
428 302 1
428 921 1
428 936 1
302 9 1
302 20 1
302 49 1
302 52 1
302 75 1
302 188 1
302 276 1
302 553 1
302 723 1
302 365 1
302 322 1
302 366 1
302 921 1
302 548 1
302 998 1
419 9 1
419 20 1
419 47 1
419 80 1
419 205 1
419 229 1
419 288 1
419 544 1
766 23 1
766 117 1
766 200 1
766 204 1
766 360 1
766 465 1
766 594 1
766 905 1
728 9 1
728 367 1
728 497 1
728 964 1
200 9 1
200 30 1
200 553 1
200 638 1
200 859 1
200 925 1
200 268 1
200 204 1
200 728 1
200 427 1
200 329 1
200 875 1
200 419 1
200 302 1
200 200 1
200 921 1
200 540 1
200 620 1
200 792 1
200 325 1
200 589 1
200 983 1
200 969 1
200 991 1
200 322 1
632 241 1
632 290 1
632 594 1
632 775 1
632 728 1
632 733 1
259 256 1
259 276 1
259 857 1
259 921 1
845 9 1
845 204 1
845 300 1
845 322 1
845 921 1
845 925 1
360 9 1
360 87 1
360 200 1
360 204 1
360 288 1
360 723 1
360 906 1
360 945 1
360 499 1
360 536 1
360 757 1
654 9 1
654 95 1
654 122 1
654 203 1
654 553 1
654 634 1
654 708 1
654 757 1
148 635 1
185 9 1
185 25 1
185 54 1
185 68 1
185 366 1
185 894 1
185 724 1
185 274 1
185 210 1
768 42 1
768 252 1
768 254 1
768 270 1
768 312 1
768 397 1
768 407 1
768 498 1
768 500 1
768 504 1
768 530 1
768 648 1
768 665 1
768 667 1
768 710 1
768 711 1
768 768 1
768 980 1
768 789 1
768 985 1
59 40 1
59 583 1
59 198 1
59 278 1
59 803 1
335 9 1
335 57 1
335 297 1
335 921 1
335 570 1
335 677 1
71 9 1
71 40 1
71 431 1
71 395 1
71 462 1
782 9 1
782 248 1
782 762 1
782 776 1
995 94 1
995 677 1
995 711 1
995 995 1
30 204 1
30 741 1
30 312 1
544 42 1
544 72 1
544 302 1
544 312 1
544 366 1
544 427 1
544 458 1
544 496 1
544 840 1
544 553 1
544 801 1
544 764 1
544 903 1
544 845 1
544 898 1
544 994 1
544 813 1
544 777 1
204 9 1
204 49 1
204 93 1
204 122 1
204 133 1
204 138 1
204 204 1
204 859 1
204 428 1
204 862 1
204 726 1
204 302 1
204 842 1
204 921 1
204 887 1
204 932 1
204 364 1
204 883 1
204 288 1
204 775 1
204 765 1
204 785 1
204 840 1
204 741 1
204 295 1
204 429 1
204 240 1
204 945 1
204 632 1
204 544 1
204 800 1
204 791 1
204 320 1
204 734 1
204 635 1
204 727 1
204 602 1
204 870 1
204 833 1
903 589 1
903 638 1
903 723 1
903 802 1
89 988 1
89 577 1
89 956 1
89 668 1
89 526 1
89 249 1
89 496 1
89 531 1
10 696 1
10 273 1
10 359 1
10 37 1
10 706 1
10 524 1
10 687 1
10 193 1
10 344 1
696 108 1
696 178 1
696 191 1
696 326 1
696 696 1
696 732 1
273 173 1
273 552 1
273 817 1
273 951 1
359 108 1
359 348 1
359 717 1
359 755 1
359 757 1
359 635 1
359 802 1
359 833 1
37 169 1
37 338 1
37 696 1
37 301 1
706 147 1
706 181 1
706 210 1
706 268 1
706 287 1
706 324 1
706 421 1
706 434 1
706 562 1
706 615 1
706 678 1
706 856 1
706 947 1
744 10 1
744 21 1
744 65 1
744 832 1
744 997 1
744 777 1
744 919 1
687 29 1
687 113 1
687 119 1
687 154 1
687 155 1
687 175 1
687 178 1
687 190 1
687 257 1
687 342 1
687 348 1
687 367 1
687 416 1
687 422 1
687 432 1
687 505 1
687 541 1
687 550 1
687 557 1
687 586 1
687 613 1
687 625 1
687 631 1
687 633 1
687 637 1
687 639 1
687 661 1
687 683 1
687 725 1
687 843 1
687 882 1
687 865 1
687 984 1
687 813 1
687 830 1
687 707 1
687 908 1
687 954 1
687 826 1
687 904 1
687 868 1
687 687 1
687 880 1
687 982 1
687 883 1
687 761 1
687 702 1
687 708 1
177 10 1
177 27 1
177 117 1
177 237 1
177 926 1
177 687 1
177 757 1
177 337 1
177 354 1
177 534 1
177 773 1
177 708 1
193 48 1
193 84 1
193 93 1
193 94 1
193 104 1
193 114 1
193 125 1
193 151 1
193 665 1
193 723 1
193 870 1
193 683 1
193 413 1
193 578 1
193 687 1
193 494 1
193 492 1
193 941 1
193 208 1
193 321 1
193 193 1
193 453 1
193 675 1
193 409 1
193 349 1
193 591 1
193 884 1
193 745 1
193 203 1
193 619 1
193 961 1
193 594 1
193 608 1
193 443 1
193 922 1
193 383 1
193 666 1
193 262 1
193 511 1
193 225 1
193 341 1
193 277 1
193 661 1
193 411 1
193 621 1
193 802 1
193 551 1
193 503 1
193 840 1
193 885 1
193 241 1
193 630 1
193 708 1
193 722 1
193 344 1
344 36 1
344 47 1
344 48 1
344 87 1
344 95 1
344 119 1
344 127 1
344 130 1
344 196 1
344 203 1
344 214 1
344 224 1
344 236 1
344 281 1
344 307 1
344 309 1
344 336 1
344 337 1
344 771 1
344 713 1
344 810 1
344 438 1
344 745 1
344 815 1
344 450 1
344 631 1
344 699 1
344 984 1
344 994 1
344 424 1
344 623 1
344 381 1
344 548 1
344 956 1
344 689 1
344 850 1
344 441 1
344 453 1
344 824 1
344 962 1
344 492 1
344 346 1
344 877 1
344 695 1
344 494 1
344 436 1
344 720 1
344 900 1
344 846 1
344 357 1
344 673 1
344 428 1
344 693 1
344 735 1
344 368 1
344 833 1
344 523 1
344 397 1
11 789 1
11 373 1
11 500 1
11 267 1
11 163 1
11 262 1
11 398 1
11 74 1
11 42 1
11 165 1
789 42 1
789 798 1
789 926 1
373 768 1
373 774 1
373 500 1
373 414 1
500 15 1
500 97 1
500 108 1
500 267 1
500 378 1
500 659 1
500 789 1
500 939 1
500 676 1
500 500 1
500 530 1
500 904 1
500 509 1
500 972 1
500 688 1
500 827 1
500 715 1
267 54 1
267 163 1
267 193 1
267 768 1
267 659 1
267 378 1
267 870 1
267 534 1
163 44 1
163 768 1
163 793 1
163 659 1
163 407 1
163 378 1
163 935 1
793 11 1
793 16 1
793 33 1
793 129 1
793 192 1
793 195 1
793 302 1
793 397 1
793 403 1
793 500 1
793 610 1
793 612 1
793 676 1
793 708 1
793 768 1
129 11 1
129 42 1
129 129 1
129 846 1
262 515 1
262 722 1
262 365 1
398 57 1
398 297 1
398 325 1
398 849 1
398 900 1
398 562 1
398 963 1
74 664 1
74 165 1
74 635 1
74 776 1
74 833 1
42 793 1
42 176 1
42 547 1
42 713 1
42 745 1
42 754 1
42 297 1
659 11 1
659 42 1
659 49 1
659 71 1
659 129 1
659 176 1
659 234 1
659 243 1
659 352 1
659 373 1
659 378 1
659 518 1
659 530 1
659 570 1
659 575 1
659 630 1
659 648 1
659 768 1
659 676 1
659 793 1
659 980 1
659 659 1
659 755 1
659 723 1
165 57 1
165 142 1
165 652 1
165 908 1
165 321 1
165 236 1
165 337 1
165 515 1
165 695 1
165 203 1
165 655 1
165 707 1
165 955 1
165 828 1
165 495 1
165 660 1
165 776 1
584 12 1
584 718 1
584 776 1
12 56 1
12 12 1
12 196 1
12 718 1
12 768 1
12 434 1
12 570 1
651 12 1
651 268 1
651 286 1
651 460 1
651 584 1
651 594 1
651 718 1
38 12 1
38 56 1
38 286 1
38 740 1
38 212 1
38 114 1
38 496 1
56 170 1
196 69 1
196 992 1
196 390 1
196 631 1
196 668 1
196 812 1
196 203 1
196 757 1
718 38 1
718 56 1
718 622 1
434 292 1
434 615 1
541 12 1
541 16 1
541 67 1
541 87 1
541 94 1
541 122 1
541 158 1
541 166 1
541 199 1
541 271 1
541 321 1
541 337 1
541 349 1
541 350 1
541 501 1
541 619 1
541 639 1
541 682 1
541 819 1
541 955 1
541 722 1
13 651 1
13 786 1
13 543 1
13 710 1
13 462 1
13 966 1
786 189 1
786 345 1
786 390 1
786 665 1
786 710 1
786 755 1
786 966 1
543 423 1
543 457 1
543 755 1
543 966 1
543 848 1
543 757 1
710 76 1
710 135 1
710 337 1
710 345 1
710 406 1
710 456 1
710 624 1
710 659 1
710 938 1
710 970 1
710 767 1
710 966 1
249 13 1
249 179 1
249 283 1
249 879 1
249 665 1
249 444 1
249 249 1
249 983 1
249 392 1
249 257 1
249 709 1
249 938 1
249 966 1
339 13 1
339 276 1
339 283 1
339 755 1
339 966 1
339 642 1
339 396 1
896 13 1
896 15 1
896 109 1
896 156 1
896 231 1
896 249 1
896 265 1
896 427 1
896 444 1
896 571 1
896 658 1
896 665 1
896 672 1
896 753 1
896 754 1
896 756 1
896 790 1
896 878 1
896 887 1
896 938 1
896 943 1
896 896 1
896 925 1
896 946 1
896 966 1
966 14 1
966 15 1
966 39 1
966 76 1
966 109 1
966 121 1
966 171 1
966 237 1
966 265 1
966 266 1
966 283 1
966 340 1
966 342 1
966 344 1
966 358 1
966 402 1
966 410 1
966 444 1
966 567 1
966 573 1
966 638 1
966 714 1
966 751 1
966 754 1
966 756 1
966 770 1
966 822 1
966 846 1
966 847 1
966 866 1
966 867 1
966 879 1
966 893 1
966 925 1
966 945 1
966 983 1
962 13 1
962 20 1
962 63 1
962 117 1
962 651 1
962 708 1
962 750 1
962 776 1
356 14 1
356 140 1
356 573 1
356 966 1
356 474 1
356 631 1
14 756 1
14 879 1
14 231 1
14 291 1
14 172 1
14 612 1
14 770 1
14 938 1
756 253 1
756 345 1
756 577 1
756 665 1
799 14 1
799 345 1
799 744 1
799 755 1
799 799 1
799 966 1
799 983 1
879 189 1
879 345 1
879 424 1
879 550 1
879 598 1
879 896 1
231 109 1
231 754 1
231 966 1
231 497 1
231 465 1
231 450 1
291 249 1
291 264 1
291 289 1
291 754 1
291 723 1
291 666 1
257 14 1
257 189 1
257 345 1
257 866 1
257 938 1
257 966 1
257 635 1
440 14 1
440 185 1
440 249 1
440 896 1
440 938 1
440 807 1
440 966 1
440 983 1
440 870 1
440 474 1
440 773 1
172 58 1
172 794 1
172 470 1
172 362 1
172 645 1
172 532 1
172 522 1
172 199 1
172 840 1
172 512 1
172 891 1
172 746 1
176 14 1
176 768 1
176 500 1
176 674 1
176 832 1
176 746 1
612 66 1
612 68 1
612 276 1
612 988 1
612 688 1
770 186 1
770 189 1
770 191 1
770 266 1
770 325 1
770 345 1
770 380 1
770 402 1
770 500 1
770 563 1
770 590 1
770 855 1
770 793 1
289 14 1
289 76 1
289 87 1
289 191 1
289 847 1
289 345 1
289 966 1
345 14 1
345 17 1
345 39 1
345 70 1
345 88 1
345 238 1
345 244 1
345 755 1
345 863 1
345 345 1
345 399 1
345 943 1
345 910 1
345 714 1
345 658 1
345 539 1
345 867 1
345 966 1
345 895 1
345 543 1
345 762 1
345 965 1
345 919 1
345 476 1
345 663 1
345 883 1
345 900 1
345 749 1
345 896 1
345 598 1
345 496 1
938 107 1
938 195 1
938 238 1
938 266 1
938 345 1
938 439 1
938 573 1
938 663 1
938 754 1
938 755 1
938 770 1
938 823 1
938 868 1
938 914 1
938 983 1
938 948 1
439 14 1
439 364 1
439 440 1
439 976 1
965 14 1
965 677 1
965 965 1
98 35 1
98 237 1
98 755 1
98 866 1
98 380 1
98 966 1
98 474 1
98 438 1
787 15 1
787 345 1
787 547 1
787 624 1
787 665 1
787 715 1
762 15 1
762 39 1
762 379 1
762 402 1
762 635 1
762 698 1
762 754 1
762 938 1
762 790 1
762 770 1
762 896 1
762 805 1
751 78 1
751 497 1
751 543 1
751 594 1
751 706 1
751 715 1
855 345 1
855 362 1
855 650 1
855 896 1
855 966 1
855 983 1
855 933 1
816 52 1
816 520 1
816 589 1
816 816 1
816 988 1
816 996 1
225 52 1
225 694 1
225 988 1
225 239 1
600 15 1
600 25 1
600 68 1
600 844 1
754 107 1
754 205 1
754 238 1
754 265 1
754 339 1
754 345 1
754 444 1
754 477 1
754 564 1
754 878 1
754 850 1
754 755 1
895 15 1
895 708 1
895 966 1
895 985 1
895 949 1
16 263 1
16 976 1
16 206 1
693 16 1
693 154 1
693 189 1
693 251 1
693 619 1
693 687 1
693 834 1
693 926 1
72 16 1
72 32 1
72 263 1
72 670 1
72 669 1
72 223 1
72 693 1
72 901 1
72 539 1
72 976 1
72 87 1
206 52 1
206 203 1
206 668 1
206 476 1
206 579 1
206 492 1
206 501 1
206 789 1
206 911 1
206 400 1
206 456 1
133 44 1
133 79 1
133 767 1
133 411 1
133 951 1
133 305 1
133 647 1
133 572 1
133 957 1
133 916 1
133 973 1
133 575 1
133 540 1
133 853 1
133 821 1
133 958 1
133 851 1
133 930 1
133 570 1
133 839 1
133 872 1
133 561 1
133 897 1
133 412 1
133 252 1
133 475 1
133 297 1
133 735 1
133 876 1
133 890 1
133 952 1
133 391 1
133 133 1
133 358 1
133 684 1
133 703 1
133 549 1
133 720 1
133 140 1
133 871 1
133 932 1
133 339 1
133 894 1
133 651 1
133 737 1
133 819 1
133 457 1
297 25 1
297 57 1
297 128 1
297 185 1
297 276 1
297 983 1
297 921 1
297 750 1
297 559 1
297 735 1
297 982 1
297 305 1
297 834 1
297 920 1
297 851 1
297 379 1
297 761 1
297 351 1
297 870 1
297 947 1
320 17 1
320 25 1
320 30 1
320 46 1
320 82 1
320 244 1
320 271 1
320 304 1
320 528 1
320 570 1
320 916 1
320 986 1
320 876 1
320 478 1
320 853 1
320 328 1
320 930 1
320 445 1
320 507 1
320 375 1
320 952 1
320 396 1
320 391 1
320 370 1
320 572 1
320 901 1
320 657 1
320 513 1
320 690 1
320 591 1
320 898 1
320 873 1
320 708 1
388 189 1
388 305 1
388 310 1
388 320 1
388 542 1
388 575 1
388 549 1
388 912 1
388 707 1
388 425 1
466 106 1
466 128 1
466 203 1
466 216 1
466 228 1
466 234 1
466 252 1
466 320 1
466 370 1
466 401 1
466 411 1
466 412 1
466 425 1
466 446 1
466 448 1
466 909 1
466 549 1
466 507 1
466 844 1
466 646 1
466 864 1
466 912 1
466 916 1
466 849 1
466 517 1
466 872 1
466 920 1
466 483 1
466 772 1
998 433 1
998 476 1
998 677 1
998 708 1
998 757 1
998 811 1
998 822 1
998 828 1
998 908 1
998 921 1
998 937 1
998 954 1
998 981 1
998 984 1
180 878 1
180 833 1
18 896 1
18 692 1
18 709 1
18 570 1
18 282 1
18 513 1
18 90 1
18 415 1
18 989 1
18 287 1
18 362 1
18 486 1
18 138 1
18 701 1
18 932 1
18 889 1
18 64 1
18 857 1
18 108 1
18 996 1
18 792 1
18 635 1
692 149 1
692 395 1
692 491 1
692 622 1
692 678 1
692 942 1
692 706 1
282 77 1
282 238 1
282 260 1
282 935 1
282 693 1
282 700 1
282 547 1
282 485 1
282 535 1
282 389 1
282 936 1
282 964 1
282 551 1
282 458 1
487 18 1
487 122 1
487 362 1
487 522 1
487 763 1
285 18 1
285 140 1
285 723 1
285 536 1
285 593 1
285 698 1
285 715 1
285 996 1
285 527 1
285 548 1
323 18 1
323 54 1
323 58 1
323 96 1
323 140 1
323 296 1
323 522 1
323 511 1
323 594 1
212 18 1
212 75 1
212 101 1
212 105 1
212 107 1
212 136 1
212 149 1
212 152 1
212 161 1
212 358 1
212 574 1
212 513 1
212 656 1
212 738 1
212 999 1
212 521 1
212 300 1
212 306 1
212 356 1
212 229 1
212 724 1
212 661 1
212 972 1
212 771 1
513 58 1
513 88 1
513 128 1
513 149 1
513 221 1
513 306 1
513 406 1
513 495 1
513 562 1
513 656 1
513 532 1
513 657 1
513 792 1
513 906 1
513 570 1
513 536 1
513 593 1
656 18 1
656 58 1
656 60 1
656 75 1
656 88 1
656 108 1
656 118 1
656 126 1
656 128 1
656 147 1
656 152 1
656 255 1
656 287 1
656 326 1
656 362 1
656 375 1
656 415 1
656 457 1
656 470 1
656 474 1
656 504 1
656 522 1
656 523 1
656 580 1
656 620 1
656 656 1
656 809 1
656 771 1
656 734 1
656 999 1
656 739 1
90 159 1
90 706 1
90 137 1
90 947 1
90 532 1
90 536 1
90 101 1
90 107 1
90 122 1
90 140 1
90 296 1
90 362 1
415 47 1
415 105 1
415 107 1
415 140 1
415 650 1
415 593 1
415 996 1
999 18 1
999 128 1
999 474 1
999 698 1
999 723 1
999 746 1
999 996 1
969 18 1
969 107 1
969 326 1
969 345 1
969 631 1
969 996 1
989 58 1
989 108 1
989 511 1
989 642 1
989 656 1
989 746 1
989 771 1
300 18 1
300 44 1
300 47 1
300 58 1
300 62 1
300 90 1
300 250 1
300 768 1
300 513 1
300 415 1
300 969 1
300 323 1
300 532 1
300 871 1
300 786 1
300 557 1
300 992 1
300 322 1
300 474 1
300 996 1
152 18 1
152 40 1
152 58 1
152 107 1
152 469 1
194 18 1
194 263 1
194 241 1
194 212 1
194 771 1
287 168 1
287 203 1
287 227 1
287 287 1
287 746 1
287 996 1
287 415 1
287 592 1
885 18 1
885 58 1
885 107 1
885 162 1
885 607 1
885 650 1
885 715 1
885 823 1
143 18 1
143 107 1
143 393 1
143 513 1
143 569 1
143 160 1
143 474 1
143 631 1
738 18 1
738 108 1
738 128 1
738 177 1
738 355 1
738 474 1
738 656 1
486 229 1
486 459 1
486 995 1
486 486 1
138 827 1
138 259 1
138 201 1
138 739 1
138 502 1
138 138 1
138 632 1
138 322 1
138 954 1
701 140 1
701 465 1
701 572 1
875 18 1
875 25 1
875 204 1
875 276 1
875 288 1
875 301 1
875 366 1
875 632 1
875 723 1
875 749 1
875 875 1
875 921 1
81 18 1
81 768 1
81 765 1
81 393 1
81 921 1
81 120 1
81 203 1
889 348 1
889 430 1
889 617 1
889 731 1
857 36 1
857 172 1
857 177 1
857 204 1
857 268 1
857 297 1
857 350 1
857 462 1
857 566 1
857 567 1
857 631 1
857 723 1
857 831 1
857 883 1
58 18 1
58 29 1
58 43 1
58 204 1
58 474 1
58 75 1
58 331 1
58 487 1
58 733 1
58 128 1
58 221 1
58 969 1
58 746 1
58 285 1
58 593 1
58 522 1
58 60 1
58 581 1
58 999 1
58 390 1
58 58 1
58 780 1
58 362 1
58 521 1
58 96 1
58 907 1
58 417 1
58 560 1
58 193 1
58 332 1
58 496 1
58 926 1
58 257 1
58 763 1
58 805 1
58 698 1
58 996 1
58 687 1
58 773 1
96 18 1
96 110 1
96 96 1
96 152 1
96 618 1
96 202 1
96 309 1
96 811 1
96 335 1
96 128 1
96 160 1
96 771 1
96 474 1
108 62 1
108 75 1
108 90 1
108 100 1
108 107 1
108 870 1
108 522 1
108 733 1
108 310 1
108 122 1
108 495 1
108 326 1
108 698 1
108 771 1
108 581 1
108 143 1
108 415 1
108 513 1
108 645 1
108 285 1
108 135 1
108 331 1
108 588 1
108 281 1
108 533 1
108 728 1
108 998 1
108 501 1
108 336 1
108 765 1
108 548 1
108 174 1
108 996 1
771 18 1
771 58 1
771 62 1
771 103 1
771 117 1
771 143 1
771 233 1
771 287 1
771 306 1
771 310 1
771 315 1
771 362 1
771 372 1
771 487 1
771 512 1
771 513 1
771 522 1
771 708 1
771 738 1
771 742 1
771 936 1
771 978 1
771 883 1
792 94 1
792 112 1
792 193 1
792 206 1
792 253 1
792 375 1
792 408 1
792 512 1
792 619 1
792 642 1
792 666 1
792 757 1
792 767 1
792 909 1
635 59 1
635 63 1
635 73 1
635 78 1
635 79 1
635 104 1
635 130 1
635 180 1
635 208 1
635 224 1
635 269 1
635 316 1
635 334 1
635 343 1
635 350 1
635 361 1
635 395 1
635 519 1
635 556 1
635 574 1
635 604 1
635 769 1
635 828 1
635 917 1
635 802 1
635 743 1
635 690 1
635 987 1
635 660 1
635 949 1
635 885 1
635 773 1
635 952 1
635 703 1
19 589 1
19 52 1
19 988 1
19 694 1
19 371 1
19 326 1
19 102 1
19 497 1
19 454 1
19 765 1
19 996 1
589 31 1
589 52 1
589 219 1
589 239 1
52 31 1
52 988 1
52 795 1
52 694 1
52 69 1
52 480 1
52 52 1
52 962 1
52 255 1
52 664 1
52 896 1
52 692 1
52 723 1
52 757 1
988 87 1
988 329 1
988 356 1
988 371 1
988 480 1
988 509 1
988 573 1
988 599 1
988 653 1
988 694 1
988 988 1
694 31 1
694 69 1
694 180 1
694 207 1
694 480 1
694 514 1
694 589 1
694 795 1
694 732 1
694 694 1
694 710 1
69 19 1
69 599 1
69 988 1
69 204 1
69 926 1
371 40 1
371 52 1
371 300 1
371 694 1
371 732 1
371 438 1
371 802 1
326 47 1
326 58 1
326 107 1
326 117 1
326 161 1
326 287 1
326 849 1
326 522 1
326 691 1
326 331 1
326 667 1
326 607 1
326 998 1
102 63 1
102 613 1
102 802 1
102 833 1
537 19 1
537 407 1
537 792 1
497 76 1
497 105 1
497 345 1
497 542 1
497 866 1
497 966 1
454 261 1
454 454 1
454 701 1
765 30 1
765 49 1
765 58 1
765 174 1
765 209 1
765 240 1
765 298 1
765 302 1
765 360 1
765 390 1
765 397 1
765 429 1
765 673 1
765 709 1
765 891 1
900 19 1
900 193 1
900 228 1
900 475 1
900 677 1
900 821 1
900 842 1
900 852 1
900 952 1
20 133 1
20 206 1
20 505 1
20 642 1
20 482 1
20 699 1
20 98 1
20 541 1
525 20 1
525 21 1
525 25 1
525 87 1
525 164 1
525 173 1
525 279 1
525 465 1
525 515 1
525 694 1
525 840 1
525 671 1
525 652 1
525 972 1
525 623 1
525 560 1
525 961 1
525 552 1
525 581 1
494 20 1
494 456 1
494 727 1
494 870 1
494 666 1
494 757 1
494 792 1
505 261 1
642 87 1
642 118 1
642 120 1
642 149 1
642 175 1
642 203 1
642 281 1
642 437 1
642 460 1
642 493 1
642 525 1
642 529 1
642 571 1
642 582 1
642 623 1
642 695 1
642 959 1
642 818 1
642 941 1
642 642 1
642 648 1
642 968 1
642 794 1
642 909 1
642 653 1
642 800 1
642 872 1
642 708 1
642 830 1
509 20 1
509 48 1
509 431 1
509 594 1
509 689 1
482 165 1
482 193 1
482 698 1
482 687 1
699 66 1
699 524 1
699 594 1
699 729 1
699 982 1
699 826 1
699 907 1
699 708 1
699 792 1
757 20 1
757 29 1
757 84 1
757 89 1
757 110 1
757 146 1
757 158 1
757 178 1
757 193 1
757 213 1
757 214 1
757 218 1
757 230 1
757 236 1
757 250 1
757 272 1
757 276 1
757 300 1
757 336 1
757 353 1
757 354 1
757 386 1
757 460 1
757 476 1
757 492 1
757 493 1
757 523 1
757 525 1
757 527 1
757 538 1
757 577 1
757 595 1
757 596 1
757 655 1
757 666 1
757 715 1
757 745 1
757 904 1
757 884 1
757 818 1
757 956 1
757 850 1
757 984 1
757 810 1
757 860 1
757 875 1
21 803 1
21 749 1
21 154 1
21 57 1
21 905 1
983 21 1
983 189 1
983 265 1
983 354 1
983 755 1
983 756 1
983 896 1
749 138 1
749 289 1
749 449 1
749 502 1
749 840 1
749 765 1
749 887 1
749 823 1
829 21 1
829 133 1
829 191 1
829 324 1
829 457 1
829 484 1
829 489 1
829 532 1
829 811 1
829 928 1
829 890 1
829 919 1
358 21 1
358 94 1
358 930 1
358 425 1
358 457 1
358 465 1
905 57 1
905 320 1
905 411 1
905 457 1
905 466 1
905 715 1
905 882 1
905 888 1
905 952 1
905 957 1
905 964 1
208 21 1
208 622 1
208 625 1
208 687 1
208 843 1
208 727 1
208 462 1
208 792 1
208 344 1
367 21 1
367 166 1
367 594 1
367 686 1
367 456 1
367 408 1
367 443 1
367 993 1
367 386 1
220 22 1
220 175 1
220 977 1
220 636 1
393 22 1
393 967 1
393 829 1
393 698 1
977 175 1
977 636 1
977 977 1
175 22 1
175 393 1
175 636 1
175 192 1
175 264 1
175 322 1
175 889 1
721 211 1
721 876 1
244 24 1
244 483 1
244 697 1
244 687 1
244 931 1
169 696 1
981 200 1
981 253 1
981 268 1
981 667 1
981 726 1
981 842 1
981 858 1
981 921 1
476 48 1
476 57 1
476 87 1
476 95 1
476 594 1
476 619 1
476 708 1
877 27 1
877 333 1
877 355 1
877 443 1
877 467 1
877 496 1
877 516 1
877 529 1
877 594 1
877 622 1
877 642 1
877 687 1
877 718 1
877 757 1
877 792 1
630 25 1
630 140 1
630 500 1
630 768 1
630 856 1
25 894 1
25 729 1
25 469 1
25 705 1
25 275 1
25 83 1
25 747 1
25 45 1
25 971 1
25 472 1
25 565 1
25 25 1
25 781 1
25 232 1
25 588 1
25 289 1
25 61 1
25 488 1
25 356 1
25 96 1
25 330 1
25 772 1
25 812 1
25 666 1
894 455 1
894 666 1
894 746 1
729 46 1
729 154 1
729 750 1
729 969 1
729 776 1
767 25 1
767 111 1
767 203 1
767 643 1
767 677 1
767 794 1
767 971 1
767 767 1
469 472 1
705 68 1
705 687 1
597 25 1
597 45 1
597 64 1
597 68 1
597 469 1
597 540 1
597 597 1
597 781 1
597 729 1
597 979 1
597 896 1
597 741 1
597 750 1
626 25 1
626 46 1
626 54 1
626 68 1
626 189 1
626 438 1
626 456 1
626 813 1
626 776 1
275 54 1
275 546 1
275 767 1
275 565 1
275 351 1
275 750 1
275 606 1
83 597 1
83 794 1
83 712 1
83 83 1
83 600 1
83 186 1
83 609 1
83 594 1
83 94 1
481 25 1
481 245 1
481 400 1
481 781 1
481 747 1
481 671 1
481 702 1
747 87 1
747 694 1
747 750 1
45 31 1
45 567 1
971 68 1
971 163 1
971 275 1
971 979 1
54 25 1
54 46 1
54 50 1
54 979 1
54 186 1
54 54 1
54 643 1
54 542 1
54 453 1
54 130 1
54 68 1
54 746 1
97 25 1
97 54 1
97 794 1
97 971 1
97 705 1
97 600 1
97 157 1
97 152 1
97 947 1
97 833 1
68 25 1
68 43 1
68 45 1
68 64 1
68 472 1
68 481 1
68 979 1
68 781 1
68 435 1
68 973 1
68 311 1
68 536 1
794 25 1
794 232 1
794 687 1
643 25 1
643 185 1
643 420 1
643 894 1
643 919 1
472 966 1
472 623 1
472 901 1
472 513 1
602 25 1
602 46 1
602 185 1
602 275 1
602 545 1
602 553 1
602 584 1
602 597 1
602 890 1
602 745 1
199 25 1
199 52 1
199 83 1
199 87 1
199 919 1
199 457 1
199 263 1
199 284 1
712 25 1
712 118 1
712 508 1
712 727 1
565 54 1
565 68 1
565 315 1
750 25 1
750 74 1
750 97 1
750 327 1
750 803 1
750 982 1
455 25 1
455 26 1
455 200 1
455 316 1
455 817 1
781 46 1
781 97 1
781 275 1
781 388 1
781 781 1
781 794 1
781 821 1
226 25 1
226 68 1
226 97 1
226 426 1
226 724 1
226 966 1
226 597 1
226 802 1
374 25 1
374 729 1
374 731 1
374 511 1
232 46 1
232 68 1
232 105 1
232 114 1
232 199 1
232 597 1
232 729 1
232 565 1
232 894 1
232 979 1
232 373 1
232 969 1
232 880 1
232 307 1
232 830 1
232 833 1
588 193 1
588 407 1
588 541 1
61 387 1
61 263 1
61 931 1
511 25 1
511 93 1
511 140 1
511 285 1
511 300 1
511 397 1
511 409 1
511 466 1
511 698 1
511 715 1
511 771 1
511 996 1
511 521 1
511 746 1
511 622 1
646 25 1
646 165 1
646 259 1
646 437 1
646 525 1
646 556 1
646 559 1
646 572 1
646 605 1
646 942 1
646 966 1
646 821 1
646 647 1
646 820 1
646 901 1
646 996 1
330 44 1
330 77 1
330 119 1
330 513 1
330 583 1
755 25 1
755 43 1
755 76 1
755 109 1
755 123 1
755 231 1
755 249 1
755 283 1
755 322 1
755 392 1
755 411 1
755 488 1
755 524 1
755 624 1
755 658 1
755 665 1
755 693 1
755 695 1
755 846 1
755 863 1
755 762 1
755 858 1
755 886 1
772 227 1
772 379 1
772 465 1
772 496 1
427 25 1
427 921 1
427 528 1
648 25 1
648 468 1
648 500 1
812 405 1
812 692 1
812 997 1
812 933 1
666 128 1
666 247 1
666 441 1
666 496 1
666 519 1
666 625 1
666 671 1
666 666 1
666 687 1
666 956 1
314 26 1
314 80 1
314 769 1
314 762 1
314 983 1
314 341 1
26 927 1
26 717 1
26 769 1
26 92 1
26 94 1
927 28 1
927 51 1
927 80 1
727 26 1
727 92 1
727 314 1
727 633 1
727 975 1
727 804 1
717 92 1
717 804 1
717 727 1
717 921 1
769 237 1
769 496 1
769 591 1
769 900 1
80 26 1
80 150 1
80 80 1
80 426 1
80 638 1
80 415 1
80 727 1
80 92 1
80 677 1
92 804 1
92 975 1
92 558 1
92 633 1
92 426 1
92 92 1
92 848 1
92 209 1
92 231 1
92 846 1
92 245 1
92 369 1
92 693 1
92 206 1
94 870 1
94 577 1
94 702 1
94 882 1
94 545 1
94 655 1
94 959 1
94 379 1
94 316 1
94 728 1
94 620 1
94 491 1
94 144 1
94 95 1
94 206 1
94 757 1
94 462 1
94 835 1
27 27 1
27 884 1
355 27 1
355 966 1
355 459 1
355 642 1
333 27 1
333 32 1
333 320 1
333 934 1
333 963 1
28 80 1
28 727 1
28 633 1
28 804 1
28 314 1
28 92 1
633 217 1
633 449 1
633 496 1
633 804 1
558 28 1
558 80 1
558 314 1
558 804 1
558 558 1
558 975 1
558 940 1
558 851 1
558 870 1
804 80 1
804 150 1
804 314 1
804 461 1
804 605 1
804 616 1
804 671 1
804 975 1
616 28 1
616 727 1
945 28 1
945 200 1
945 300 1
945 723 1
945 961 1
623 28 1
623 541 1
29 975 1
29 735 1
29 117 1
29 107 1
29 48 1
29 594 1
29 87 1
29 95 1
29 702 1
29 203 1
29 344 1
29 432 1
975 159 1
975 426 1
975 593 1
117 62 1
117 725 1
117 320 1
117 117 1
117 382 1
117 143 1
117 601 1
117 746 1
117 738 1
117 212 1
117 323 1
117 306 1
117 172 1
117 255 1
117 289 1
117 863 1
117 169 1
117 656 1
117 474 1
117 560 1
117 668 1
48 36 1
48 770 1
48 425 1
48 272 1
48 591 1
48 865 1
48 571 1
48 954 1
48 153 1
48 527 1
48 529 1
48 671 1
48 505 1
48 578 1
48 183 1
48 877 1
48 689 1
48 64 1
48 80 1
48 464 1
48 607 1
48 423 1
48 613 1
48 203 1
594 34 1
594 87 1
594 94 1
594 117 1
594 119 1
594 120 1
594 125 1
594 129 1
594 135 1
594 148 1
594 156 1
594 164 1
594 165 1
594 177 1
594 206 1
594 227 1
594 230 1
594 232 1
594 253 1
594 326 1
594 327 1
594 335 1
594 377 1
594 400 1
594 409 1
594 433 1
594 438 1
594 450 1
594 482 1
594 512 1
594 541 1
594 582 1
594 818 1
594 884 1
594 760 1
594 680 1
594 994 1
594 682 1
594 984 1
594 972 1
594 668 1
594 868 1
594 652 1
594 998 1
594 790 1
594 788 1
594 855 1
594 933 1
594 715 1
594 912 1
594 848 1
594 714 1
594 758 1
594 847 1
95 594 1
95 666 1
95 978 1
95 644 1
95 309 1
95 868 1
95 898 1
95 781 1
95 320 1
95 445 1
95 732 1
95 98 1
95 129 1
95 166 1
95 193 1
95 708 1
95 460 1
95 496 1
702 58 1
702 312 1
702 379 1
702 382 1
702 418 1
702 492 1
702 525 1
702 594 1
702 666 1
702 671 1
702 843 1
702 813 1
702 753 1
702 944 1
702 782 1
203 95 1
203 125 1
203 143 1
203 187 1
203 202 1
203 789 1
203 594 1
203 687 1
203 321 1
203 250 1
203 608 1
203 689 1
203 637 1
203 683 1
203 272 1
203 450 1
203 365 1
203 467 1
203 582 1
203 904 1
203 400 1
203 596 1
203 330 1
203 383 1
203 262 1
203 675 1
203 840 1
203 953 1
203 345 1
203 989 1
203 495 1
203 801 1
203 798 1
203 845 1
203 893 1
203 373 1
203 319 1
811 29 1
811 164 1
811 275 1
811 460 1
811 718 1
800 30 1
800 402 1
800 681 1
800 963 1
800 802 1
741 81 1
741 136 1
741 302 1
741 322 1
741 402 1
741 407 1
741 419 1
741 429 1
741 442 1
741 495 1
741 553 1
741 654 1
741 740 1
741 875 1
741 775 1
741 806 1
741 785 1
741 862 1
741 891 1
741 921 1
366 30 1
366 92 1
366 109 1
366 138 1
366 201 1
366 203 1
366 204 1
366 205 1
366 213 1
366 229 1
366 240 1
366 276 1
366 288 1
366 295 1
366 298 1
366 364 1
366 857 1
366 842 1
366 785 1
366 739 1
366 749 1
366 428 1
366 932 1
366 906 1
366 723 1
366 968 1
366 766 1
366 891 1
366 751 1
366 757 1
366 497 1
366 584 1
366 921 1
688 30 1
688 351 1
688 395 1
688 617 1
688 782 1
688 889 1
31 653 1
31 795 1
31 988 1
31 841 1
31 993 1
31 857 1
31 204 1
31 82 1
31 301 1
31 560 1
653 362 1
653 480 1
653 653 1
795 454 1
795 687 1
795 795 1
795 988 1
795 919 1
605 31 1
605 138 1
605 694 1
605 988 1
605 732 1
599 31 1
599 239 1
599 461 1
599 590 1
599 694 1
599 979 1
599 963 1
599 811 1
841 52 1
841 493 1
841 558 1
841 589 1
841 687 1
841 694 1
993 108 1
993 128 1
993 212 1
993 300 1
993 470 1
993 474 1
993 656 1
993 715 1
301 52 1
301 133 1
301 204 1
301 832 1
301 853 1
301 572 1
301 905 1
301 458 1
301 362 1
560 86 1
560 89 1
560 114 1
560 151 1
560 153 1
560 183 1
560 193 1
560 202 1
560 272 1
560 346 1
560 379 1
560 400 1
560 437 1
560 453 1
560 465 1
560 469 1
560 508 1
560 547 1
560 926 1
560 708 1
560 675 1
560 860 1
560 671 1
560 908 1
560 984 1
560 627 1
560 792 1
560 588 1
560 586 1
560 666 1
560 830 1
560 763 1
560 735 1
560 844 1
560 886 1
560 620 1
560 733 1
560 687 1
32 771 1
32 835 1
32 537 1
32 352 1
32 950 1
606 32 1
606 278 1
606 474 1
606 835 1
606 622 1
835 352 1
835 357 1
835 431 1
835 571 1
835 919 1
923 32 1
923 352 1
352 606 1
352 611 1
950 163 1
950 469 1
950 491 1
950 835 1
41 32 1
41 839 1
41 722 1
41 62 1
41 119 1
41 898 1
41 688 1
33 431 1
33 673 1
33 473 1
33 33 1
33 244 1
33 182 1
33 697 1
431 204 1
431 483 1
431 765 1
673 107 1
673 133 1
673 237 1
673 244 1
673 473 1
673 483 1
673 697 1
673 871 1
673 758 1
758 33 1
758 108 1
758 465 1
758 687 1
758 697 1
758 758 1
758 893 1
473 473 1
473 483 1
473 790 1
473 782 1
182 133 1
182 979 1
182 370 1
182 525 1
182 404 1
182 496 1
171 33 1
171 132 1
171 385 1
171 709 1
764 33 1
764 204 1
764 236 1
764 322 1
764 366 1
764 749 1
764 765 1
764 921 1
847 33 1
847 128 1
847 719 1
697 431 1
697 473 1
697 871 1
697 697 1
697 886 1
697 776 1
697 783 1
839 33 1
839 48 1
839 118 1
839 212 1
839 237 1
839 388 1
839 404 1
839 436 1
839 465 1
839 567 1
839 647 1
839 960 1
839 849 1
839 916 1
839 947 1
34 519 1
34 183 1
34 784 1
519 184 1
519 276 1
519 429 1
519 709 1
519 982 1
519 833 1
146 34 1
146 137 1
146 777 1
146 776 1
183 541 1
183 655 1
183 367 1
183 833 1
508 34 1
508 139 1
508 146 1
508 387 1
508 633 1
508 779 1
508 609 1
784 462 1
784 609 1
784 635 1
277 166 1
277 179 1
277 526 1
277 631 1
166 35 1
166 87 1
166 133 1
166 156 1
166 613 1
166 346 1
166 365 1
166 974 1
166 687 1
166 344 1
166 400 1
166 954 1
166 456 1
166 496 1
36 966 1
36 925 1
36 200 1
36 36 1
36 685 1
36 623 1
36 380 1
36 288 1
322 36 1
322 76 1
322 136 1
322 160 1
322 219 1
322 228 1
322 748 1
322 903 1
322 723 1
322 728 1
322 968 1
322 765 1
322 842 1
322 544 1
322 913 1
322 944 1
322 336 1
685 203 1
685 435 1
685 622 1
380 390 1
571 36 1
571 193 1
571 389 1
571 496 1
571 874 1
571 622 1
571 687 1
571 708 1
571 792 1
408 36 1
408 67 1
408 94 1
408 153 1
408 193 1
408 940 1
408 875 1
408 631 1
408 460 1
408 652 1
408 948 1
408 771 1
408 522 1
286 718 1
286 383 1
286 648 1
84 38 1
84 58 1
84 990 1
84 594 1
84 619 1
84 203 1
84 344 1
84 367 1
84 460 1
740 128 1
740 204 1
740 419 1
740 544 1
740 825 1
740 921 1
114 48 1
114 848 1
114 895 1
114 177 1
114 708 1
114 815 1
39 866 1
39 822 1
39 238 1
39 686 1
39 754 1
39 128 1
39 698 1
866 58 1
866 189 1
866 345 1
866 366 1
866 380 1
866 397 1
866 402 1
866 410 1
866 428 1
866 714 1
866 765 1
866 896 1
866 938 1
866 926 1
822 124 1
822 345 1
822 802 1
822 938 1
238 87 1
238 966 1
686 48 1
686 203 1
686 365 1
686 456 1
686 513 1
686 921 1
665 39 1
665 76 1
665 264 1
665 280 1
665 345 1
665 410 1
665 439 1
665 480 1
665 563 1
665 938 1
665 907 1
665 943 1
665 710 1
665 855 1
665 863 1
665 970 1
665 966 1
237 39 1
237 76 1
237 139 1
237 226 1
237 727 1
237 867 1
237 399 1
237 754 1
237 983 1
237 748 1
237 822 1
237 938 1
237 436 1
237 497 1
237 622 1
191 39 1
191 137 1
191 139 1
191 249 1
191 322 1
191 779 1
191 308 1
191 417 1
191 208 1
698 88 1
698 101 1
698 107 1
698 161 1
698 172 1
698 296 1
698 314 1
698 400 1
698 425 1
698 470 1
698 516 1
698 581 1
698 593 1
698 989 1
698 996 1
698 908 1
698 777 1
698 771 1
874 39 1
874 94 1
874 334 1
874 344 1
874 456 1
874 522 1
874 525 1
874 627 1
874 631 1
874 982 1
776 39 1
776 55 1
776 118 1
776 130 1
776 138 1
776 197 1
776 215 1
776 248 1
776 258 1
776 328 1
776 334 1
776 379 1
776 420 1
776 478 1
776 493 1
776 595 1
776 612 1
776 617 1
776 635 1
776 690 1
776 716 1
776 752 1
776 769 1
776 792 1
776 837 1
776 784 1
776 889 1
776 790 1
776 852 1
776 981 1
40 249 1
40 521 1
40 362 1
40 180 1
40 837 1
40 239 1
40 814 1
40 833 1
40 395 1
40 462 1
521 108 1
521 117 1
521 135 1
521 140 1
521 382 1
521 966 1
456 40 1
456 94 1
456 165 1
456 202 1
456 203 1
456 208 1
456 392 1
456 400 1
456 416 1
456 424 1
456 613 1
456 708 1
456 639 1
456 854 1
456 683 1
456 529 1
456 961 1
456 582 1
456 810 1
456 610 1
456 909 1
456 885 1
456 893 1
460 40 1
460 202 1
460 322 1
460 541 1
460 954 1
460 813 1
460 898 1
460 882 1
460 868 1
460 619 1
460 644 1
460 614 1
460 782 1
63 40 1
63 59 1
63 242 1
63 197 1
63 462 1
63 144 1
63 621 1
63 63 1
63 833 1
63 556 1
63 711 1
63 837 1
63 968 1
63 751 1
63 729 1
63 499 1
63 127 1
63 395 1
557 40 1
557 395 1
557 635 1
557 802 1
557 833 1
752 40 1
752 87 1
752 458 1
752 544 1
752 646 1
752 895 1
752 802 1
279 40 1
279 853 1
279 802 1
279 462 1
837 196 1
837 850 1
837 889 1
239 52 1
239 62 1
239 988 1
239 520 1
239 461 1
239 371 1
239 480 1
239 956 1
124 40 1
124 68 1
124 83 1
124 103 1
124 275 1
124 597 1
968 40 1
968 57 1
968 200 1
968 204 1
968 723 1
968 996 1
814 456 1
814 534 1
814 577 1
814 594 1
814 642 1
814 757 1
416 40 1
416 58 1
416 152 1
416 165 1
416 408 1
416 560 1
416 631 1
416 493 1
802 40 1
802 44 1
802 59 1
802 63 1
802 70 1
802 71 1
802 74 1
802 100 1
802 130 1
802 134 1
802 144 1
802 146 1
802 155 1
802 181 1
802 184 1
802 197 1
802 209 1
802 246 1
802 255 1
802 258 1
802 284 1
802 320 1
802 361 1
802 456 1
802 482 1
802 507 1
802 525 1
802 554 1
802 563 1
802 612 1
802 617 1
802 657 1
802 660 1
802 688 1
802 711 1
802 730 1
802 743 1
802 763 1
802 773 1
802 776 1
802 782 1
802 837 1
802 893 1
802 937 1
833 68 1
833 100 1
833 104 1
833 115 1
833 168 1
833 224 1
833 242 1
833 275 1
833 278 1
833 284 1
833 334 1
833 348 1
833 366 1
833 389 1
833 420 1
833 446 1
833 462 1
833 531 1
833 537 1
833 556 1
833 558 1
833 583 1
833 590 1
833 593 1
833 604 1
833 612 1
833 614 1
833 617 1
833 629 1
833 631 1
833 635 1
833 656 1
833 657 1
833 682 1
833 687 1
833 712 1
833 730 1
833 769 1
833 782 1
833 802 1
833 828 1
833 926 1
833 833 1
833 931 1
833 875 1
833 989 1
395 59 1
395 93 1
395 113 1
395 134 1
395 148 1
395 177 1
395 180 1
395 182 1
395 184 1
395 215 1
395 258 1
395 279 1
395 346 1
395 776 1
395 833 1
395 730 1
395 395 1
395 769 1
395 743 1
395 660 1
395 657 1
395 583 1
395 614 1
395 420 1
395 931 1
395 752 1
395 893 1
395 837 1
395 590 1
395 617 1
395 790 1
395 531 1
395 634 1
395 700 1
395 454 1
395 959 1
395 998 1
395 488 1
395 560 1
395 618 1
395 567 1
726 41 1
726 58 1
726 59 1
726 142 1
726 276 1
726 741 1
726 976 1
722 151 1
722 300 1
722 328 1
722 443 1
722 591 1
722 594 1
722 694 1
722 708 1
722 984 1
722 833 1
270 42 1
270 230 1
270 267 1
270 270 1
270 774 1
270 343 1
270 588 1
270 659 1
270 787 1
270 684 1
518 42 1
518 66 1
518 407 1
518 500 1
518 768 1
518 648 1
518 771 1
676 42 1
676 344 1
676 811 1
407 42 1
407 107 1
407 195 1
407 254 1
407 270 1
407 358 1
407 659 1
407 504 1
407 630 1
407 974 1
407 789 1
407 737 1
407 778 1
407 500 1
407 434 1
407 639 1
407 898 1
530 42 1
530 724 1
530 823 1
530 577 1
974 42 1
974 163 1
974 192 1
974 251 1
974 425 1
974 659 1
974 804 1
547 72 1
547 344 1
547 418 1
547 535 1
547 709 1
547 830 1
713 94 1
713 193 1
713 297 1
713 456 1
713 496 1
713 560 1
745 456 1
745 622 1
251 42 1
251 119 1
251 159 1
251 523 1
251 932 1
251 635 1
716 42 1
716 435 1
716 697 1
716 899 1
716 802 1
949 42 1
949 130 1
949 299 1
949 323 1
949 348 1
949 590 1
949 594 1
949 659 1
949 776 1
949 833 1
43 281 1
43 133 1
43 677 1
43 870 1
43 920 1
281 151 1
281 656 1
281 687 1
281 961 1
677 65 1
677 320 1
677 411 1
677 430 1
677 607 1
677 701 1
677 991 1
677 901 1
677 677 1
677 744 1
677 936 1
677 990 1
677 753 1
677 735 1
677 776 1
920 358 1
920 437 1
920 545 1
920 586 1
920 776 1
920 804 1
920 916 1
920 982 1
920 996 1
457 43 1
457 57 1
457 77 1
457 155 1
457 225 1
457 300 1
457 316 1
457 335 1
457 343 1
457 362 1
457 398 1
457 404 1
457 405 1
457 425 1
457 446 1
457 449 1
457 452 1
457 857 1
457 725 1
457 919 1
457 890 1
457 909 1
457 901 1
457 549 1
457 457 1
457 959 1
457 814 1
457 983 1
457 465 1
848 72 1
848 260 1
848 332 1
848 402 1
848 491 1
848 848 1
848 976 1
848 963 1
365 141 1
365 541 1
365 689 1
365 381 1
365 620 1
379 67 1
379 145 1
379 183 1
379 193 1
379 250 1
379 317 1
379 344 1
379 350 1
379 354 1
379 838 1
379 482 1
379 978 1
379 577 1
379 492 1
379 654 1
379 476 1
379 571 1
379 407 1
379 496 1
168 746 1
168 776 1
168 462 1
215 44 1
215 66 1
215 130 1
215 133 1
215 389 1
215 749 1
215 977 1
215 833 1
399 44 1
399 755 1
399 822 1
399 896 1
399 402 1
399 938 1
399 966 1
399 497 1
399 840 1
399 619 1
399 687 1
158 45 1
158 57 1
158 204 1
158 887 1
158 925 1
158 375 1
158 899 1
158 457 1
158 263 1
567 317 1
567 372 1
567 412 1
567 425 1
567 446 1
567 457 1
567 479 1
567 598 1
567 960 1
567 805 1
195 46 1
195 192 1
195 659 1
195 500 1
46 280 1
46 199 1
46 750 1
46 712 1
46 226 1
46 68 1
46 374 1
46 600 1
46 705 1
46 643 1
46 472 1
46 464 1
46 837 1
46 205 1
46 83 1
280 54 1
280 83 1
280 846 1
280 689 1
50 46 1
50 451 1
50 643 1
50 712 1
50 83 1
50 859 1
50 465 1
50 550 1
50 830 1
186 46 1
186 710 1
186 263 1
186 458 1
464 72 1
464 282 1
464 326 1
464 551 1
464 802 1
104 46 1
104 203 1
104 776 1
963 46 1
963 72 1
963 121 1
963 122 1
963 142 1
963 154 1
963 192 1
963 290 1
963 332 1
963 423 1
963 435 1
963 442 1
963 458 1
963 471 1
963 670 1
963 683 1
963 700 1
963 720 1
963 787 1
963 797 1
963 898 1
963 902 1
963 926 1
963 963 1
907 46 1
907 94 1
907 98 1
907 345 1
907 364 1
907 436 1
907 542 1
907 613 1
907 715 1
907 822 1
907 878 1
907 886 1
907 896 1
907 966 1
924 46 1
924 197 1
924 320 1
924 642 1
924 788 1
924 992 1
924 924 1
47 322 1
47 360 1
47 521 1
47 194 1
47 255 1
47 123 1
47 58 1
47 331 1
47 738 1
47 557 1
47 764 1
47 309 1
47 929 1
47 887 1
47 212 1
47 731 1
47 474 1
47 996 1
47 655 1
532 47 1
532 58 1
532 75 1
532 76 1
532 140 1
532 142 1
532 149 1
532 161 1
532 320 1
532 338 1
532 383 1
532 473 1
532 969 1
532 779 1
532 536 1
536 47 1
536 58 1
536 60 1
536 108 1
536 112 1
536 296 1
536 300 1
536 306 1
536 384 1
536 401 1
536 415 1
536 495 1
536 536 1
536 641 1
536 731 1
536 601 1
536 540 1
536 545 1
536 737 1
704 47 1
704 101 1
704 108 1
704 560 1
704 996 1
140 47 1
140 101 1
140 618 1
140 746 1
140 212 1
140 809 1
140 222 1
140 477 1
140 457 1
140 866 1
140 312 1
310 47 1
310 105 1
310 140 1
310 173 1
310 522 1
310 736 1
310 470 1
310 344 1
60 47 1
60 135 1
60 771 1
60 619 1
60 708 1
60 722 1
93 47 1
93 58 1
93 593 1
93 656 1
93 715 1
93 996 1
123 272 1
123 656 1
123 746 1
123 470 1
123 996 1
123 802 1
382 47 1
382 58 1
382 107 1
382 130 1
382 212 1
382 296 1
382 718 1
382 474 1
382 877 1
331 128 1
331 287 1
331 296 1
331 974 1
331 437 1
331 797 1
331 996 1
331 400 1
390 47 1
390 90 1
390 108 1
390 212 1
390 222 1
390 656 1
390 733 1
390 641 1
390 884 1
390 542 1
390 769 1
914 47 1
914 98 1
914 345 1
914 822 1
914 964 1
806 47 1
806 49 1
806 200 1
806 322 1
806 723 1
806 921 1
475 47 1
475 358 1
475 456 1
475 465 1
475 466 1
475 770 1
475 549 1
475 982 1
309 193 1
309 227 1
309 511 1
929 203 1
929 253 1
929 344 1
929 474 1
929 665 1
929 702 1
174 47 1
174 672 1
174 174 1
731 204 1
731 212 1
731 255 1
731 358 1
731 441 1
731 460 1
731 495 1
731 902 1
296 47 1
296 58 1
296 105 1
296 123 1
296 140 1
296 255 1
296 261 1
296 532 1
296 477 1
296 700 1
296 724 1
296 906 1
296 789 1
296 996 1
655 57 1
655 66 1
655 88 1
655 281 1
655 613 1
655 655 1
272 938 1
272 687 1
753 48 1
753 81 1
753 203 1
753 212 1
753 312 1
753 344 1
753 525 1
753 594 1
753 687 1
753 757 1
591 58 1
591 95 1
591 275 1
591 541 1
591 990 1
591 995 1
591 702 1
591 612 1
865 94 1
865 456 1
865 689 1
994 48 1
994 94 1
994 642 1
994 687 1
994 689 1
994 757 1
830 48 1
830 139 1
830 151 1
830 203 1
830 209 1
830 225 1
830 241 1
830 332 1
830 334 1
830 381 1
830 527 1
830 538 1
830 548 1
830 594 1
830 613 1
830 623 1
830 664 1
830 669 1
830 671 1
830 695 1
830 737 1
830 850 1
830 978 1
830 955 1
954 195 1
954 400 1
954 438 1
954 467 1
954 490 1
954 527 1
954 547 1
954 611 1
954 619 1
954 675 1
954 721 1
954 786 1
954 908 1
954 972 1
954 970 1
112 48 1
112 89 1
112 91 1
112 515 1
112 381 1
112 625 1
112 890 1
112 193 1
112 708 1
153 83 1
153 287 1
153 930 1
153 155 1
153 954 1
527 132 1
527 203 1
527 276 1
527 962 1
529 119 1
529 153 1
529 165 1
529 193 1
529 371 1
529 870 1
529 594 1
529 613 1
671 87 1
671 145 1
671 177 1
671 206 1
671 281 1
671 456 1
671 490 1
671 534 1
671 541 1
671 972 1
671 680 1
671 908 1
671 858 1
578 75 1
578 95 1
578 282 1
578 622 1
578 792 1
578 635 1
346 48 1
346 358 1
346 541 1
346 687 1
346 792 1
346 379 1
346 961 1
346 496 1
824 48 1
824 193 1
824 560 1
824 622 1
824 938 1
349 48 1
349 94 1
349 203 1
349 391 1
349 689 1
349 757 1
349 877 1
433 48 1
433 78 1
433 89 1
433 125 1
433 177 1
433 203 1
433 277 1
433 353 1
433 400 1
433 857 1
433 968 1
433 496 1
354 48 1
354 94 1
354 344 1
354 659 1
354 525 1
354 541 1
354 619 1
354 830 1
354 372 1
354 496 1
700 48 1
700 823 1
700 853 1
700 926 1
700 976 1
184 48 1
184 542 1
184 982 1
184 699 1
184 697 1
955 48 1
955 59 1
955 816 1
955 870 1
955 951 1
955 982 1
607 357 1
607 462 1
607 465 1
607 920 1
572 48 1
572 65 1
572 200 1
572 517 1
572 960 1
572 804 1
572 834 1
572 870 1
613 57 1
613 177 1
613 203 1
613 216 1
613 276 1
613 281 1
613 400 1
613 505 1
613 512 1
613 527 1
613 541 1
613 550 1
613 715 1
613 722 1
613 996 1
49 723 1
49 276 1
49 288 1
49 466 1
49 757 1
118 49 1
118 723 1
118 205 1
118 870 1
118 591 1
118 496 1
990 49 1
990 144 1
990 252 1
990 297 1
990 301 1
990 342 1
990 358 1
990 369 1
990 449 1
990 462 1
990 519 1
990 594 1
990 905 1
990 955 1
990 986 1
451 944 1
187 50 1
187 133 1
187 988 1
187 524 1
187 965 1
187 648 1
187 541 1
187 365 1
550 87 1
550 94 1
550 311 1
550 708 1
708 50 1
708 67 1
708 74 1
708 97 1
708 103 1
708 141 1
708 156 1
708 210 1
708 214 1
708 250 1
708 252 1
708 344 1
708 351 1
708 376 1
708 402 1
708 432 1
708 473 1
708 494 1
708 512 1
708 518 1
708 578 1
708 622 1
708 666 1
708 680 1
708 689 1
708 757 1
708 760 1
708 860 1
708 854 1
708 708 1
708 737 1
708 837 1
708 834 1
708 931 1
708 840 1
708 842 1
708 885 1
708 731 1
51 880 1
51 472 1
880 398 1
880 510 1
880 535 1
880 880 1
227 51 1
227 87 1
227 91 1
227 164 1
227 165 1
227 178 1
227 183 1
227 193 1
227 525 1
227 687 1
227 702 1
227 622 1
227 344 1
227 941 1
227 627 1
227 333 1
227 628 1
227 566 1
227 496 1
520 52 1
520 64 1
520 225 1
520 841 1
520 732 1
520 921 1
520 708 1
520 877 1
334 52 1
334 212 1
334 239 1
334 694 1
334 366 1
334 802 1
334 462 1
598 52 1
598 297 1
598 491 1
598 834 1
664 171 1
664 642 1
664 655 1
664 954 1
664 702 1
664 776 1
385 85 1
385 89 1
385 142 1
385 211 1
385 216 1
385 235 1
385 274 1
385 385 1
385 682 1
385 735 1
385 763 1
385 721 1
385 754 1
618 118 1
618 212 1
618 385 1
618 425 1
618 541 1
618 687 1
618 802 1
851 53 1
851 86 1
851 313 1
851 437 1
851 465 1
851 466 1
851 735 1
851 810 1
851 829 1
851 832 1
851 921 1
851 876 1
851 982 1
851 924 1
851 881 1
851 947 1
979 750 1
979 767 1
979 867 1
542 153 1
542 266 1
542 847 1
542 786 1
542 943 1
542 846 1
542 676 1
542 755 1
542 770 1
453 94 1
453 877 1
130 613 1
234 54 1
234 133 1
234 626 1
234 570 1
234 425 1
234 437 1
234 449 1
234 457 1
234 465 1
234 982 1
234 282 1
234 379 1
65 54 1
65 322 1
65 561 1
65 252 1
65 313 1
65 275 1
65 499 1
65 735 1
65 851 1
65 425 1
65 457 1
65 923 1
540 55 1
540 359 1
540 538 1
540 940 1
540 575 1
540 851 1
540 606 1
540 870 1
958 57 1
958 465 1
958 559 1
603 228 1
603 320 1
603 437 1
603 449 1
603 456 1
603 478 1
603 722 1
603 646 1
603 677 1
603 735 1
603 829 1
603 982 1
271 55 1
271 632 1
271 572 1
271 870 1
271 881 1
271 396 1
271 919 1
271 344 1
271 395 1
919 131 1
919 133 1
919 139 1
919 165 1
919 297 1
919 304 1
919 343 1
919 370 1
919 391 1
919 437 1
919 447 1
919 465 1
919 528 1
919 551 1
919 559 1
919 609 1
919 658 1
919 681 1
919 684 1
919 773 1
919 777 1
919 796 1
919 820 1
919 872 1
919 919 1
919 999 1
582 470 1
582 622 1
582 708 1
582 998 1
340 56 1
340 651 1
340 718 1
340 972 1
340 896 1
340 508 1
660 56 1
660 134 1
660 348 1
660 776 1
170 562 1
170 856 1
170 812 1
170 363 1
170 292 1
170 817 1
170 994 1
170 266 1
170 683 1
170 715 1
170 635 1
943 576 1
943 629 1
943 754 1
943 849 1
943 966 1
559 125 1
559 317 1
559 320 1
559 342 1
559 386 1
559 445 1
559 466 1
559 470 1
559 474 1
559 525 1
559 554 1
559 659 1
559 955 1
559 703 1
559 744 1
559 627 1
559 823 1
901 57 1
901 133 1
901 280 1
901 578 1
901 607 1
901 982 1
901 926 1
986 133 1
986 203 1
986 457 1
986 465 1
986 646 1
888 57 1
888 77 1
888 203 1
888 414 1
888 620 1
888 966 1
888 982 1
888 990 1
888 931 1
807 466 1
807 609 1
807 646 1
807 664 1
807 741 1
647 757 1
514 57 1
514 425 1
514 504 1
514 647 1
514 688 1
991 57 1
991 133 1
991 425 1
991 466 1
991 646 1
991 768 1
991 771 1
991 870 1
991 876 1
916 57 1
916 193 1
916 297 1
916 465 1
916 687 1
916 870 1
916 947 1
821 138 1
821 320 1
821 388 1
821 437 1
821 465 1
821 609 1
821 870 1
821 928 1
821 996 1
821 931 1
902 57 1
902 133 1
902 851 1
902 947 1
902 982 1
836 106 1
836 411 1
836 465 1
836 474 1
836 964 1
823 142 1
823 204 1
823 315 1
823 320 1
823 425 1
823 702 1
823 735 1
823 890 1
823 870 1
386 129 1
386 911 1
386 735 1
386 881 1
386 425 1
386 982 1
386 613 1
561 77 1
561 227 1
561 899 1
561 772 1
561 964 1
561 982 1
452 57 1
452 944 1
452 735 1
452 839 1
452 465 1
452 466 1
452 982 1
853 140 1
853 328 1
853 456 1
853 567 1
853 677 1
853 725 1
853 771 1
853 870 1
304 57 1
304 870 1
304 344 1
396 189 1
396 570 1
396 805 1
396 834 1
396 850 1
396 630 1
116 57 1
116 192 1
116 966 1
116 562 1
116 620 1
116 437 1
116 465 1
116 898 1
834 234 1
834 324 1
834 585 1
834 656 1
834 745 1
834 890 1
328 140 1
328 309 1
328 570 1
328 603 1
328 840 1
328 919 1
328 457 1
328 450 1
348 71 1
348 102 1
348 127 1
348 130 1
348 160 1
348 184 1
348 258 1
348 275 1
348 283 1
348 802 1
348 688 1
348 776 1
348 784 1
348 968 1
348 395 1
854 57 1
854 275 1
854 541 1
854 642 1
854 687 1
854 757 1
854 976 1
854 996 1
126 94 1
126 723 1
126 541 1
126 722 1
242 497 1
242 921 1
242 656 1
242 877 1
242 583 1
242 635 1
242 776 1
242 802 1
809 57 1
809 204 1
809 511 1
809 996 1
809 884 1
815 57 1
815 162 1
815 192 1
815 196 1
815 404 1
815 456 1
815 482 1
815 634 1
815 719 1
815 731 1
815 772 1
815 961 1
815 983 1
308 57 1
308 134 1
308 709 1
308 956 1
308 470 1
516 58 1
516 249 1
516 300 1
516 326 1
516 920 1
516 715 1
516 736 1
516 742 1
516 746 1
516 771 1
516 594 1
125 57 1
125 560 1
893 79 1
893 115 1
893 130 1
893 197 1
893 238 1
893 462 1
893 493 1
893 833 1
893 947 1
75 276 1
75 921 1
75 133 1
75 715 1
75 746 1
75 296 1
75 474 1
691 58 1
691 160 1
691 367 1
691 474 1
691 656 1
691 671 1
691 829 1
691 698 1
691 715 1
691 996 1
161 58 1
161 108 1
161 128 1
161 691 1
161 715 1
161 362 1
161 996 1
569 58 1
569 107 1
569 108 1
569 212 1
569 522 1
569 999 1
569 591 1
477 58 1
477 107 1
477 108 1
477 128 1
477 135 1
477 160 1
477 223 1
477 513 1
477 715 1
733 133 1
733 478 1
733 715 1
160 58 1
160 93 1
160 117 1
160 131 1
160 135 1
160 150 1
160 152 1
160 155 1
160 938 1
160 597 1
160 513 1
160 194 1
160 969 1
160 704 1
160 300 1
160 771 1
160 731 1
160 742 1
160 522 1
160 495 1
160 173 1
160 966 1
160 585 1
160 266 1
160 475 1
160 718 1
160 996 1
221 96 1
221 288 1
221 976 1
221 536 1
221 296 1
593 88 1
593 101 1
593 107 1
593 128 1
593 265 1
593 296 1
593 328 1
593 486 1
593 982 1
593 969 1
593 738 1
593 667 1
593 997 1
593 832 1
593 656 1
593 746 1
593 996 1
522 78 1
522 140 1
522 233 1
522 242 1
522 357 1
522 477 1
522 562 1
522 641 1
522 593 1
522 989 1
522 788 1
796 58 1
796 108 1
796 300 1
796 462 1
796 511 1
796 698 1
796 963 1
581 107 1
581 160 1
581 362 1
581 511 1
581 513 1
581 715 1
581 722 1
88 58 1
88 360 1
88 411 1
88 581 1
88 107 1
88 108 1
88 474 1
780 108 1
780 117 1
780 296 1
780 736 1
780 996 1
601 58 1
601 107 1
601 160 1
601 172 1
601 256 1
601 300 1
601 765 1
601 981 1
601 996 1
601 671 1
601 689 1
734 58 1
734 160 1
734 522 1
734 593 1
734 715 1
734 746 1
417 414 1
417 674 1
417 697 1
417 802 1
743 58 1
743 59 1
743 462 1
743 688 1
743 689 1
743 713 1
743 776 1
332 61 1
332 200 1
332 282 1
332 285 1
332 926 1
332 458 1
332 976 1
332 362 1
682 58 1
682 527 1
682 685 1
899 58 1
899 140 1
899 262 1
899 297 1
899 447 1
899 465 1
899 646 1
899 661 1
763 456 1
763 570 1
763 646 1
627 58 1
627 344 1
627 525 1
627 642 1
627 757 1
258 58 1
258 635 1
258 833 1
620 58 1
620 188 1
620 292 1
620 324 1
620 347 1
620 400 1
620 434 1
620 592 1
620 615 1
620 663 1
620 620 1
620 812 1
620 904 1
620 892 1
620 692 1
620 985 1
620 921 1
805 133 1
805 425 1
805 465 1
805 477 1
805 559 1
805 735 1
805 777 1
805 821 1
805 919 1
805 947 1
773 227 1
773 594 1
773 687 1
773 737 1
773 954 1
595 58 1
595 100 1
595 263 1
595 395 1
595 987 1
595 850 1
595 802 1
595 833 1
295 59 1
295 200 1
295 840 1
295 921 1
583 74 1
583 269 1
583 348 1
198 491 1
198 496 1
198 635 1
198 284 1
198 395 1
278 158 1
278 776 1
278 604 1
278 802 1
413 60 1
413 89 1
413 203 1
413 624 1
413 938 1
413 541 1
413 594 1
413 456 1
135 228 1
135 140 1
135 601 1
135 698 1
135 862 1
135 744 1
135 173 1
135 287 1
135 296 1
405 61 1
405 229 1
405 431 1
405 985 1
931 71 1
931 87 1
931 104 1
931 180 1
931 279 1
931 334 1
931 462 1
931 635 1
931 963 1
742 375 1
742 996 1
625 62 1
625 126 1
625 164 1
625 203 1
625 577 1
625 656 1
625 978 1
625 752 1
625 836 1
197 249 1
197 635 1
197 395 1
197 949 1
420 63 1
420 594 1
420 688 1
420 802 1
420 462 1
307 63 1
307 127 1
307 776 1
307 833 1
307 462 1
144 460 1
144 833 1
621 567 1
621 812 1
621 802 1
621 833 1
556 268 1
556 931 1
711 253 1
711 345 1
711 988 1
911 63 1
911 347 1
911 421 1
911 440 1
911 581 1
911 692 1
911 856 1
911 892 1
911 964 1
783 63 1
783 97 1
783 151 1
609 63 1
609 420 1
609 962 1
609 635 1
609 828 1
127 917 1
127 802 1
127 425 1
127 776 1
127 395 1
592 64 1
592 169 1
592 292 1
592 319 1
592 437 1
592 562 1
592 663 1
592 650 1
592 830 1
252 834 1
252 870 1
252 437 1
252 465 1
252 982 1
252 757 1
313 313 1
313 396 1
313 425 1
313 478 1
912 65 1
912 320 1
66 474 1
66 242 1
66 833 1
66 617 1
590 66 1
590 117 1
590 149 1
590 571 1
590 586 1
590 887 1
590 730 1
590 889 1
590 635 1
590 776 1
590 802 1
617 99 1
617 665 1
617 985 1
617 705 1
617 990 1
134 66 1
134 112 1
134 276 1
134 598 1
134 246 1
134 698 1
134 833 1
134 462 1
67 659 1
67 893 1
67 89 1
67 642 1
67 776 1
838 67 1
838 95 1
838 708 1
838 954 1
871 68 1
871 182 1
871 244 1
871 569 1
871 897 1
435 154 1
435 219 1
435 362 1
435 670 1
435 835 1
435 976 1
435 474 1
435 462 1
311 87 1
311 165 1
311 410 1
311 320 1
311 594 1
311 642 1
311 400 1
311 395 1
70 710 1
70 898 1
70 635 1
70 833 1
70 395 1
325 72 1
325 263 1
325 551 1
325 963 1
325 922 1
649 72 1
649 133 1
649 140 1
649 142 1
649 165 1
649 408 1
649 963 1
669 357 1
669 458 1
669 983 1
669 963 1
223 389 1
223 423 1
223 693 1
223 669 1
223 333 1
223 403 1
223 471 1
223 341 1
223 785 1
223 805 1
223 854 1
223 456 1
539 191 1
539 402 1
539 465 1
539 732 1
539 754 1
539 966 1
539 896 1
657 72 1
657 193 1
657 292 1
657 462 1
657 665 1
657 792 1
357 72 1
357 665 1
357 559 1
357 851 1
357 775 1
357 375 1
357 449 1
357 536 1
357 362 1
73 80 1
73 841 1
73 327 1
73 395 1
73 462 1
327 160 1
327 193 1
327 223 1
327 407 1
327 687 1
327 344 1
327 400 1
327 460 1
327 496 1
327 837 1
327 395 1
862 74 1
862 168 1
862 268 1
862 966 1
862 887 1
862 921 1
76 886 1
76 745 1
76 822 1
76 320 1
76 881 1
886 102 1
886 517 1
886 542 1
886 739 1
886 966 1
77 807 1
77 836 1
77 986 1
77 133 1
77 920 1
77 996 1
730 77 1
730 160 1
730 385 1
730 425 1
730 462 1
730 771 1
78 466 1
78 830 1
78 802 1
78 462 1
961 78 1
961 94 1
961 178 1
961 496 1
961 594 1
961 615 1
961 687 1
961 888 1
961 970 1
150 92 1
150 616 1
150 150 1
150 963 1
150 456 1
426 616 1
638 204 1
638 366 1
120 541 1
120 687 1
120 206 1
840 322 1
840 456 1
840 723 1
840 725 1
840 739 1
840 973 1
930 466 1
930 567 1
930 839 1
849 82 1
849 116 1
849 207 1
849 341 1
849 375 1
849 400 1
849 425 1
849 449 1
849 506 1
849 561 1
849 599 1
849 607 1
849 767 1
849 833 1
849 964 1
849 888 1
849 957 1
849 901 1
849 960 1
849 885 1
849 951 1
449 215 1
449 361 1
449 930 1
449 920 1
449 572 1
449 982 1
147 83 1
147 111 1
147 363 1
147 405 1
147 562 1
147 638 1
147 502 1
147 907 1
147 421 1
147 933 1
147 692 1
147 172 1
672 83 1
672 203 1
672 568 1
672 672 1
972 83 1
972 193 1
972 622 1
972 708 1
122 83 1
122 88 1
122 107 1
122 982 1
122 513 1
122 645 1
122 399 1
122 160 1
122 771 1
122 326 1
378 84 1
378 270 1
378 297 1
378 425 1
813 84 1
813 166 1
813 200 1
813 456 1
813 459 1
813 496 1
813 498 1
813 631 1
813 635 1
813 786 1
813 851 1
813 951 1
813 830 1
493 84 1
493 87 1
493 193 1
493 204 1
493 231 1
493 243 1
493 441 1
493 467 1
493 594 1
493 577 1
493 707 1
493 737 1
493 548 1
493 531 1
493 679 1
493 800 1
493 831 1
85 526 1
85 274 1
85 803 1
85 985 1
85 154 1
85 153 1
85 833 1
526 385 1
526 432 1
526 456 1
526 618 1
526 803 1
526 536 1
985 193 1
985 212 1
985 237 1
985 263 1
985 421 1
985 491 1
985 496 1
985 615 1
985 812 1
985 835 1
86 174 1
86 783 1
86 650 1
86 551 1
86 715 1
86 408 1
843 86 1
843 253 1
843 594 1
843 815 1
650 147 1
650 170 1
650 210 1
650 292 1
650 297 1
650 327 1
650 347 1
650 377 1
650 421 1
650 458 1
650 489 1
650 491 1
650 515 1
650 559 1
650 620 1
650 631 1
650 692 1
650 663 1
650 650 1
650 856 1
650 911 1
650 955 1
650 722 1
551 150 1
551 154 1
551 167 1
551 223 1
551 245 1
551 306 1
551 458 1
551 466 1
551 480 1
551 535 1
551 926 1
551 720 1
551 667 1
551 935 1
551 669 1
551 666 1
551 595 1
551 603 1
551 829 1
551 584 1
551 963 1
422 87 1
422 344 1
422 982 1
422 534 1
422 594 1
422 884 1
422 898 1
422 998 1
141 87 1
141 127 1
141 309 1
141 907 1
492 87 1
492 119 1
492 652 1
819 963 1
515 87 1
515 456 1
515 510 1
515 876 1
515 613 1
515 737 1
515 588 1
515 826 1
515 777 1
515 926 1
515 594 1
515 813 1
424 165 1
424 204 1
424 757 1
424 496 1
250 594 1
250 792 1
250 400 1
250 998 1
587 117 1
587 511 1
587 516 1
587 664 1
587 757 1
637 119 1
637 345 1
637 735 1
637 689 1
596 87 1
596 300 1
596 434 1
596 544 1
596 947 1
596 954 1
818 512 1
818 631 1
145 87 1
145 264 1
145 458 1
680 203 1
680 498 1
680 642 1
680 867 1
680 687 1
683 155 1
683 559 1
683 722 1
236 146 1
236 671 1
236 708 1
236 830 1
236 456 1
941 87 1
941 94 1
941 379 1
941 548 1
941 560 1
941 687 1
438 207 1
438 229 1
438 293 1
438 560 1
438 577 1
438 708 1
438 815 1
644 87 1
644 208 1
644 466 1
644 642 1
644 650 1
644 757 1
214 203 1
214 741 1
214 674 1
214 367 1
214 456 1
376 87 1
376 193 1
376 203 1
376 594 1
376 642 1
608 87 1
608 107 1
608 273 1
608 619 1
956 203 1
956 268 1
956 289 1
956 460 1
956 622 1
956 687 1
956 830 1
922 87 1
922 570 1
922 622 1
922 702 1
922 896 1
810 87 1
810 775 1
810 907 1
810 949 1
577 271 1
577 496 1
577 522 1
577 818 1
577 582 1
577 631 1
577 753 1
577 587 1
577 689 1
882 87 1
882 185 1
882 560 1
882 562 1
882 643 1
882 664 1
882 830 1
882 996 1
545 165 1
545 345 1
545 493 1
545 496 1
545 833 1
383 344 1
383 619 1
383 708 1
760 164 1
760 478 1
760 496 1
760 511 1
760 754 1
760 961 1
178 87 1
178 108 1
178 619 1
791 87 1
791 395 1
791 526 1
791 910 1
791 833 1
283 665 1
283 709 1
283 737 1
139 137 1
139 211 1
139 784 1
139 709 1
157 87 1
411 123 1
411 176 1
411 210 1
411 335 1
411 358 1
411 506 1
411 457 1
411 570 1
411 532 1
411 471 1
411 456 1
411 425 1
411 698 1
173 88 1
173 108 1
173 122 1
173 370 1
173 593 1
173 423 1
173 756 1
173 715 1
173 746 1
173 996 1
611 88 1
611 157 1
611 241 1
611 835 1
611 923 1
695 89 1
695 108 1
695 496 1
695 515 1
695 583 1
695 594 1
695 687 1
695 723 1
832 89 1
832 369 1
832 478 1
832 517 1
832 870 1
832 982 1
531 135 1
531 348 1
531 657 1
531 837 1
531 590 1
531 854 1
531 802 1
531 949 1
159 128 1
159 555 1
159 159 1
159 656 1
159 893 1
947 198 1
947 216 1
947 218 1
947 320 1
947 411 1
947 445 1
947 465 1
947 646 1
947 677 1
947 735 1
947 870 1
947 919 1
947 955 1
947 947 1
101 778 1
101 513 1
101 569 1
101 969 1
101 233 1
101 731 1
101 415 1
101 121 1
101 963 1
101 108 1
101 656 1
101 160 1
101 173 1
101 771 1
101 996 1
724 91 1
724 163 1
724 397 1
724 659 1
724 676 1
724 768 1
724 793 1
91 570 1
190 91 1
190 159 1
190 523 1
992 91 1
992 101 1
992 379 1
992 771 1
992 788 1
209 204 1
209 932 1
209 981 1
209 718 1
209 322 1
209 921 1
209 731 1
209 757 1
846 101 1
846 109 1
846 345 1
846 496 1
846 983 1
245 179 1
245 540 1
245 263 1
245 458 1
245 976 1
245 963 1
245 296 1
213 94 1
213 687 1
213 722 1
213 460 1
213 998 1
213 496 1
959 165 1
959 433 1
959 689 1
959 702 1
959 708 1
959 992 1
868 94 1
868 631 1
868 830 1
868 901 1
316 165 1
316 256 1
316 316 1
316 396 1
316 969 1
491 106 1
491 288 1
491 347 1
491 562 1
491 620 1
491 706 1
491 856 1
491 548 1
491 954 1
856 94 1
856 562 1
856 997 1
978 344 1
978 619 1
978 622 1
978 757 1
732 239 1
732 425 1
732 599 1
732 656 1
732 816 1
732 988 1
967 96 1
967 175 1
967 204 1
967 822 1
967 977 1
218 96 1
218 128 1
218 282 1
218 522 1
218 536 1
218 996 1
218 689 1
306 96 1
306 698 1
306 996 1
110 919 1
110 390 1
110 474 1
110 119 1
110 379 1
202 402 1
202 512 1
202 687 1
402 98 1
402 193 1
402 237 1
402 345 1
402 599 1
402 895 1
402 879 1
402 551 1
402 947 1
99 996 1
99 693 1
99 815 1
817 99 1
817 225 1
817 434 1
817 491 1
817 620 1
817 650 1
817 706 1
817 856 1
100 320 1
100 531 1
778 253 1
778 546 1
778 757 1
778 880 1
121 793 1
121 630 1
121 939 1
121 456 1
121 659 1
121 425 1
737 101 1
737 251 1
737 560 1
737 619 1
737 775 1
737 824 1
737 843 1
737 759 1
103 727 1
103 527 1
103 594 1
103 671 1
105 457 1
105 698 1
105 326 1
105 780 1
105 221 1
105 300 1
105 488 1
105 580 1
105 511 1
105 901 1
105 849 1
105 107 1
580 108 1
580 160 1
580 172 1
580 390 1
580 513 1
580 518 1
580 521 1
580 998 1
512 105 1
512 156 1
512 165 1
512 177 1
512 183 1
512 203 1
512 208 1
512 345 1
512 407 1
512 493 1
512 687 1
512 653 1
512 647 1
512 735 1
512 659 1
512 525 1
512 757 1
106 132 1
106 304 1
106 844 1
106 909 1
106 384 1
106 334 1
106 251 1
106 133 1
106 354 1
952 106 1
952 182 1
952 345 1
952 379 1
952 910 1
489 106 1
489 450 1
489 457 1
489 465 1
489 805 1
489 870 1
489 919 1
489 982 1
703 106 1
703 366 1
703 437 1
703 478 1
703 541 1
703 723 1
384 345 1
964 106 1
964 189 1
964 320 1
964 405 1
964 444 1
964 465 1
964 470 1
964 484 1
964 528 1
964 567 1
964 596 1
964 895 1
964 896 1
964 912 1
964 919 1
964 938 1
495 271 1
495 474 1
495 593 1
495 996 1
149 107 1
149 536 1
149 486 1
149 160 1
149 698 1
149 771 1
149 300 1
149 996 1
149 631 1
230 708 1
230 365 1
230 432 1
230 954 1
615 204 1
615 210 1
615 229 1
615 817 1
549 449 1
549 470 1
549 585 1
549 839 1
549 829 1
549 664 1
549 881 1
549 996 1
222 108 1
222 117 1
222 974 1
222 698 1
222 746 1
222 362 1
222 456 1
645 140 1
645 164 1
645 300 1
645 317 1
645 362 1
645 390 1
645 907 1
645 698 1
645 996 1
131 108 1
131 674 1
131 334 1
131 771 1
131 300 1
131 474 1
131 996 1
131 635 1
533 533 1
501 344 1
501 411 1
501 536 1
336 640 1
336 594 1
336 516 1
336 877 1
548 166 1
548 183 1
548 192 1
548 253 1
548 379 1
548 456 1
548 533 1
548 857 1
548 963 1
548 813 1
548 898 1
548 942 1
548 785 1
548 642 1
548 802 1
109 665 1
109 138 1
109 710 1
109 345 1
109 322 1
443 110 1
443 497 1
443 698 1
443 631 1
443 687 1
443 830 1
443 496 1
421 142 1
421 251 1
421 347 1
421 363 1
421 405 1
421 592 1
421 491 1
421 817 1
421 812 1
421 450 1
421 481 1
421 678 1
421 551 1
381 165 1
381 849 1
890 239 1
890 432 1
890 478 1
890 567 1
890 594 1
890 646 1
890 777 1
890 919 1
890 947 1
113 465 1
113 590 1
113 548 1
113 802 1
831 115 1
831 117 1
831 249 1
831 439 1
831 671 1
831 762 1
831 895 1
831 896 1
831 966 1
115 655 1
115 609 1
115 635 1
115 395 1
167 115 1
167 119 1
167 164 1
167 223 1
167 671 1
167 177 1
562 210 1
562 319 1
562 377 1
562 421 1
562 434 1
562 663 1
562 823 1
562 620 1
517 116 1
517 133 1
517 396 1
517 507 1
517 598 1
517 761 1
517 947 1
517 560 1
517 613 1
863 249 1
863 710 1
863 896 1
863 966 1
867 117 1
867 896 1
240 118 1
240 200 1
240 662 1
240 268 1
240 276 1
240 851 1
826 203 1
826 884 1
156 133 1
156 320 1
156 577 1
156 613 1
156 344 1
337 119 1
337 193 1
337 276 1
337 456 1
430 119 1
430 193 1
430 344 1
430 548 1
430 708 1
430 743 1
850 594 1
850 642 1
850 954 1
575 119 1
575 465 1
575 870 1
575 947 1
928 119 1
928 228 1
928 662 1
928 832 1
928 964 1
928 953 1
447 411 1
447 704 1
447 457 1
447 982 1
447 550 1
164 124 1
164 151 1
164 541 1
164 668 1
164 928 1
164 658 1
164 687 1
164 708 1
164 433 1
917 395 1
917 433 1
917 802 1
917 920 1
641 133 1
641 160 1
641 322 1
576 134 1
576 462 1
576 658 1
576 635 1
576 776 1
528 271 1
528 437 1
528 466 1
528 821 1
528 628 1
528 839 1
528 613 1
436 174 1
436 966 1
414 138 1
414 308 1
414 907 1
876 128 1
876 148 1
876 179 1
876 263 1
876 620 1
876 820 1
876 870 1
351 130 1
351 507 1
351 445 1
351 919 1
351 437 1
351 465 1
674 139 1
674 191 1
674 387 1
674 527 1
674 564 1
674 674 1
216 211 1
235 132 1
235 200 1
235 518 1
235 526 1
235 462 1
375 133 1
375 777 1
375 557 1
375 480 1
375 388 1
375 919 1
951 200 1
951 258 1
951 395 1
951 425 1
951 447 1
951 457 1
951 575 1
951 603 1
951 725 1
951 823 1
951 982 1
305 500 1
305 765 1
305 834 1
305 839 1
305 881 1
305 920 1
305 437 1
305 449 1
957 380 1
872 320 1
872 341 1
872 735 1
872 982 1
391 228 1
391 870 1
391 876 1
391 857 1
391 411 1
391 465 1
391 656 1
820 133 1
820 324 1
864 133 1
864 320 1
864 369 1
864 525 1
864 528 1
864 605 1
864 735 1
864 919 1
720 223 1
720 282 1
720 389 1
720 407 1
720 458 1
720 555 1
720 574 1
720 685 1
720 894 1
720 848 1
663 133 1
663 817 1
663 810 1
663 692 1
663 741 1
467 133 1
467 613 1
179 133 1
179 451 1
179 293 1
179 949 1
246 209 1
246 274 1
246 396 1
246 919 1
246 466 1
246 715 1
246 833 1
228 140 1
228 677 1
228 548 1
228 613 1
136 204 1
136 544 1
136 824 1
136 726 1
136 229 1
136 276 1
136 921 1
798 508 1
798 653 1
798 709 1
798 966 1
294 141 1
294 193 1
294 519 1
294 414 1
294 406 1
294 802 1
201 948 1
201 204 1
201 723 1
201 921 1
201 870 1
739 204 1
739 276 1
739 326 1
739 456 1
739 541 1
502 288 1
502 326 1
502 768 1
502 896 1
502 632 1
502 741 1
502 765 1
502 635 1
936 140 1
936 320 1
936 375 1
936 458 1
936 870 1
936 919 1
264 205 1
264 444 1
264 345 1
363 210 1
363 267 1
363 562 1
363 966 1
363 595 1
363 395 1
997 147 1
997 170 1
997 363 1
997 491 1
997 650 1
933 258 1
933 350 1
933 416 1
933 421 1
933 642 1
933 650 1
933 985 1
933 933 1
933 997 1
933 943 1
586 148 1
586 203 1
586 926 1
586 622 1
586 954 1
151 594 1
151 998 1
151 515 1
151 850 1
151 631 1
151 874 1
151 473 1
151 790 1
151 592 1
151 877 1
151 379 1
450 151 1
450 264 1
450 301 1
450 663 1
450 996 1
450 541 1
450 870 1
450 496 1
790 425 1
790 462 1
790 619 1
790 700 1
790 802 1
790 833 1
667 153 1
667 263 1
667 976 1
667 963 1
155 466 1
155 613 1
155 877 1
155 713 1
155 746 1
155 355 1
442 154 1
442 282 1
442 551 1
442 776 1
468 154 1
468 223 1
468 282 1
468 848 1
468 976 1
468 505 1
468 996 1
459 379 1
459 465 1
640 159 1
640 251 1
640 347 1
640 368 1
640 942 1
640 889 1
498 159 1
498 203 1
498 360 1
498 555 1
498 942 1
555 523 1
555 640 1
555 966 1
523 159 1
523 498 1
523 776 1
266 238 1
266 250 1
266 910 1
266 983 1
266 730 1
266 866 1
266 896 1
266 440 1
248 160 1
248 724 1
248 561 1
248 802 1
484 160 1
484 320 1
484 398 1
987 160 1
987 462 1
987 776 1
987 949 1
162 560 1
162 582 1
162 193 1
162 708 1
162 877 1
935 263 1
935 389 1
935 816 1
935 963 1
658 203 1
658 714 1
658 970 1
658 943 1
658 870 1
719 165 1
719 400 1
719 416 1
719 496 1
719 631 1
908 656 1
707 296 1
707 344 1
707 594 1
554 165 1
554 204 1
554 462 1
554 753 1
554 776 1
554 833 1
404 165 1
404 400 1
404 841 1
404 594 1
404 708 1
404 512 1
404 656 1
404 991 1
404 645 1
404 496 1
319 170 1
319 972 1
319 363 1
319 434 1
319 926 1
292 421 1
292 933 1
292 985 1
292 853 1
292 457 1
568 174 1
568 783 1
568 568 1
636 556 1
636 761 1
636 998 1
634 175 1
634 462 1
634 788 1
634 802 1
869 177 1
869 344 1
869 456 1
869 542 1
869 613 1
869 691 1
869 815 1
564 178 1
564 237 1
564 249 1
564 542 1
564 879 1
564 714 1
564 907 1
293 277 1
293 284 1
293 451 1
293 437 1
878 345 1
181 361 1
181 315 1
181 462 1
361 612 1
361 776 1
361 462 1
189 658 1
189 356 1
189 846 1
189 402 1
189 737 1
189 938 1
189 966 1
189 358 1
779 279 1
779 295 1
779 519 1
779 674 1
779 709 1
779 946 1
779 874 1
397 378 1
397 774 1
397 518 1
397 659 1
397 980 1
397 407 1
397 403 1
397 629 1
397 500 1
504 192 1
504 793 1
504 715 1
504 708 1
639 192 1
639 236 1
639 344 1
639 409 1
639 511 1
639 764 1
675 276 1
675 400 1
675 449 1
675 875 1
675 708 1
675 757 1
675 877 1
409 319 1
409 344 1
409 632 1
409 805 1
409 642 1
409 708 1
409 884 1
409 833 1
937 193 1
937 631 1
937 671 1
937 708 1
937 830 1
503 903 1
503 628 1
503 863 1
503 635 1
224 193 1
224 998 1
224 776 1
224 931 1
604 193 1
604 348 1
604 395 1
604 604 1
318 196 1
318 437 1
318 466 1
284 287 1
284 635 1
284 448 1
284 889 1
284 395 1
553 204 1
553 276 1
553 312 1
553 361 1
553 429 1
553 665 1
553 966 1
553 921 1
553 925 1
553 737 1
364 200 1
364 201 1
364 322 1
748 200 1
748 437 1
748 722 1
748 857 1
429 200 1
429 322 1
429 369 1
429 983 1
429 496 1
915 200 1
915 440 1
915 598 1
915 620 1
915 741 1
915 911 1
915 926 1
269 201 1
269 741 1
269 276 1
269 921 1
269 947 1
948 210 1
948 379 1
948 400 1
948 402 1
948 462 1
904 390 1
904 613 1
324 206 1
324 210 1
324 292 1
324 562 1
324 876 1
324 650 1
324 985 1
324 870 1
324 996 1
324 525 1
324 609 1
350 210 1
350 650 1
350 361 1
350 620 1
350 678 1
350 985 1
350 982 1
892 210 1
892 302 1
892 319 1
298 212 1
298 896 1
298 632 1
298 723 1
298 922 1
253 225 1
253 311 1
253 591 1
253 400 1
253 956 1
253 680 1
253 673 1
510 223 1
510 282 1
510 458 1
573 237 1
573 345 1
573 402 1
573 751 1
573 788 1
573 755 1
461 694 1
461 945 1
461 776 1
401 241 1
401 263 1
401 365 1
401 437 1
483 692 1
483 847 1
483 903 1
483 596 1
483 496 1
444 266 1
444 345 1
444 380 1
444 563 1
444 592 1
444 519 1
444 767 1
444 708 1
444 869 1
392 388 1
392 665 1
392 879 1
392 402 1
392 966 1
942 251 1
942 402 1
942 447 1
942 554 1
254 397 1
254 659 1
254 500 1
254 757 1
624 257 1
797 263 1
797 282 1
797 458 1
797 993 1
343 263 1
343 341 1
343 554 1
343 466 1
343 478 1
343 990 1
910 588 1
910 710 1
910 757 1
910 896 1
910 983 1
774 445 1
774 659 1
546 546 1
546 948 1
546 880 1
825 366 1
825 723 1
825 741 1
825 921 1
347 294 1
347 734 1
347 982 1
347 554 1
714 296 1
714 665 1
714 896 1
299 408 1
299 531 1
299 635 1
299 833 1
736 336 1
736 344 1
736 996 1
410 345 1
410 938 1
690 465 1
690 474 1
690 677 1
690 833 1
873 367 1
873 459 1
873 462 1
873 659 1
873 861 1
759 326 1
759 474 1
759 992 1
759 759 1
934 491 1
934 606 1
934 757 1
934 835 1
441 433 1
441 619 1
441 757 1
984 496 1
984 619 1
984 708 1
984 870 1
860 344 1
860 369 1
506 345 1
506 425 1
506 437 1
506 457 1
506 466 1
506 478 1
678 491 1
678 562 1
678 578 1
678 620 1
678 650 1
678 656 1
678 892 1
678 900 1
678 864 1
858 355 1
858 486 1
858 858 1
479 358 1
479 870 1
479 919 1
479 982 1
377 817 1
377 620 1
377 911 1
377 706 1
614 379 1
614 749 1
614 802 1
980 702 1
679 458 1
679 503 1
679 953 1
970 938 1
788 951 1
