0 710 1
0 694 1
0 249 1
0 292 1
0 823 1
0 905 1
0 514 1
0 181 1
0 427 1
710 90 1
710 165 1
710 232 1
710 254 1
710 272 1
710 575 1
710 692 1
710 876 1
710 745 1
223 0 1
223 130 1
223 592 1
223 630 1
223 644 1
223 285 1
223 856 1
223 877 1
223 249 1
223 779 1
223 816 1
223 822 1
694 193 1
694 287 1
694 421 1
694 712 1
694 944 1
694 833 1
694 931 1
570 0 1
570 195 1
570 201 1
570 323 1
570 368 1
570 386 1
570 852 1
570 662 1
570 721 1
570 931 1
249 167 1
249 610 1
249 783 1
249 806 1
249 570 1
249 351 1
249 401 1
249 528 1
249 630 1
249 652 1
249 290 1
249 287 1
249 908 1
249 913 1
249 883 1
249 490 1
249 721 1
249 941 1
249 833 1
292 223 1
292 360 1
292 665 1
292 839 1
856 0 1
856 6 1
856 250 1
856 267 1
856 290 1
856 292 1
856 560 1
856 841 1
856 941 1
277 0 1
277 127 1
277 312 1
277 670 1
277 503 1
277 416 1
277 368 1
277 287 1
277 592 1
277 856 1
277 898 1
277 728 1
277 319 1
277 303 1
823 6 1
823 151 1
823 152 1
823 172 1
823 368 1
823 427 1
823 485 1
823 750 1
823 779 1
905 316 1
905 566 1
905 801 1
905 812 1
905 832 1
905 838 1
905 896 1
514 167 1
514 277 1
514 292 1
514 503 1
560 0 1
560 6 1
560 193 1
560 392 1
560 426 1
560 822 1
560 759 1
560 887 1
560 748 1
560 816 1
560 835 1
167 0 1
167 65 1
167 151 1
167 653 1
167 386 1
167 786 1
167 694 1
167 405 1
167 646 1
167 825 1
167 863 1
167 806 1
167 416 1
167 275 1
167 290 1
167 787 1
167 392 1
167 742 1
167 721 1
167 383 1
167 520 1
167 470 1
167 779 1
167 833 1
167 945 1
181 130 1
181 408 1
181 665 1
181 562 1
181 913 1
181 939 1
181 248 1
181 317 1
728 0 1
728 244 1
728 248 1
728 255 1
728 874 1
728 833 1
728 823 1
427 59 1
427 126 1
427 130 1
427 172 1
427 358 1
427 412 1
427 416 1
427 423 1
427 694 1
427 762 1
427 806 1
427 918 1
427 499 1
427 592 1
427 514 1
427 816 1
427 934 1
941 0 1
941 267 1
941 317 1
941 485 1
941 653 1
941 757 1
941 931 1
128 1 1
128 542 1
128 760 1
128 279 1
128 529 1
128 534 1
128 156 1
128 926 1
128 595 1
128 361 1
128 839 1
1 463 1
1 537 1
1 473 1
1 24 1
1 599 1
1 595 1
1 142 1
1 534 1
296 1 1
296 107 1
296 194 1
296 210 1
296 599 1
296 296 1
296 965 1
463 62 1
463 98 1
463 107 1
463 142 1
463 210 1
463 296 1
463 361 1
463 425 1
463 598 1
463 529 1
463 595 1
463 537 1
542 1 1
542 107 1
542 156 1
542 210 1
542 296 1
542 361 1
542 463 1
542 473 1
542 599 1
537 31 1
537 34 1
537 534 1
537 747 1
537 595 1
473 425 1
473 534 1
473 938 1
24 985 1
24 128 1
24 534 1
24 473 1
24 31 1
24 282 1
24 210 1
24 472 1
599 128 1
599 194 1
599 210 1
599 529 1
595 24 1
595 89 1
595 153 1
595 253 1
595 296 1
595 425 1
595 529 1
595 534 1
595 599 1
156 1 1
156 31 1
156 62 1
156 537 1
156 595 1
156 505 1
156 938 1
156 296 1
142 31 1
142 282 1
142 938 1
142 425 1
142 595 1
142 153 1
142 537 1
142 210 1
142 472 1
697 1 1
697 95 1
697 147 1
697 158 1
697 381 1
697 397 1
697 460 1
697 907 1
697 904 1
697 917 1
529 1 1
529 62 1
529 107 1
529 194 1
529 296 1
529 472 1
529 760 1
529 938 1
529 529 1
529 684 1
534 34 1
534 142 1
534 190 1
534 210 1
534 282 1
534 296 1
534 529 1
534 917 1
534 599 1
534 926 1
534 974 1
534 924 1
425 1 1
425 193 1
425 210 1
425 282 1
425 372 1
425 542 1
425 926 1
425 425 1
425 599 1
425 537 1
210 1 1
210 128 1
210 282 1
210 926 1
210 938 1
210 361 1
210 760 1
210 595 1
210 210 1
210 473 1
210 271 1
210 221 1
210 459 1
107 1 1
107 34 1
107 534 1
107 210 1
107 595 1
107 760 1
107 819 1
565 1 1
565 197 1
565 269 1
565 471 1
565 506 1
565 520 1
565 555 1
565 986 1
565 705 1
565 729 1
485 1 1
485 170 1
485 171 1
485 208 1
485 249 1
485 255 1
485 277 1
485 358 1
485 399 1
485 401 1
485 422 1
485 448 1
485 737 1
485 834 1
485 942 1
485 493 1
485 961 1
485 787 1
485 883 1
485 908 1
485 803 1
485 856 1
485 792 1
116 2 1
116 26 1
116 43 1
116 531 1
116 279 1
116 549 1
116 878 1
116 633 1
116 604 1
116 922 1
116 830 1
116 617 1
116 278 1
2 41 1
2 719 1
2 778 1
2 772 1
2 284 1
2 44 1
2 316 1
2 396 1
2 209 1
2 976 1
2 242 1
76 2 1
76 44 1
76 775 1
76 778 1
76 284 1
76 288 1
76 328 1
76 772 1
76 727 1
76 76 1
76 465 1
76 711 1
645 2 1
645 44 1
645 67 1
645 76 1
645 159 1
645 209 1
645 309 1
645 316 1
645 465 1
645 577 1
645 619 1
645 880 1
645 731 1
645 645 1
645 888 1
645 653 1
738 2 1
738 8 1
738 38 1
738 310 1
738 577 1
738 734 1
999 2 1
999 112 1
999 145 1
999 209 1
999 340 1
999 645 1
999 727 1
999 939 1
41 284 1
41 340 1
41 738 1
41 981 1
41 495 1
41 217 1
41 310 1
41 242 1
41 179 1
41 463 1
719 38 1
719 209 1
719 280 1
719 297 1
719 477 1
719 645 1
719 994 1
719 743 1
719 867 1
719 999 1
719 719 1
719 958 1
778 29 1
778 145 1
778 209 1
778 280 1
778 310 1
778 356 1
778 396 1
778 619 1
778 645 1
778 670 1
778 775 1
778 797 1
890 2 1
890 14 1
890 390 1
890 397 1
890 398 1
890 432 1
890 511 1
890 580 1
890 678 1
890 706 1
890 752 1
890 758 1
890 840 1
890 906 1
772 53 1
772 179 1
772 209 1
772 239 1
772 284 1
772 310 1
772 615 1
772 670 1
772 775 1
284 44 1
284 160 1
284 209 1
284 217 1
284 262 1
284 775 1
284 778 1
284 670 1
284 645 1
284 551 1
284 995 1
284 507 1
284 720 1
284 738 1
284 340 1
284 981 1
284 288 1
284 495 1
284 600 1
284 847 1
284 686 1
44 209 1
44 310 1
44 507 1
44 340 1
44 480 1
44 221 1
44 994 1
44 540 1
316 38 1
316 44 1
316 67 1
316 112 1
316 310 1
316 797 1
316 577 1
316 598 1
316 550 1
316 615 1
316 619 1
316 719 1
328 2 1
328 53 1
328 778 1
328 619 1
328 474 1
328 867 1
328 339 1
328 772 1
328 465 1
328 731 1
328 340 1
328 880 1
328 851 1
396 44 1
396 69 1
396 132 1
396 209 1
396 310 1
396 339 1
396 615 1
396 477 1
396 598 1
396 731 1
396 550 1
396 972 1
209 67 1
209 69 1
209 159 1
209 775 1
209 340 1
209 577 1
209 507 1
209 209 1
209 615 1
209 316 1
209 738 1
209 727 1
209 866 1
209 834 1
209 474 1
209 734 1
209 253 1
976 53 1
976 284 1
976 339 1
976 444 1
976 474 1
976 615 1
976 880 1
976 995 1
242 38 1
242 67 1
242 772 1
242 242 1
242 734 1
242 337 1
227 2 1
227 187 1
227 191 1
227 959 1
227 998 1
227 963 1
227 489 1
227 301 1
227 782 1
227 718 1
227 305 1
227 829 1
227 496 1
452 3 1
452 199 1
452 227 1
452 235 1
452 300 1
452 305 1
452 345 1
452 366 1
452 785 1
452 831 1
452 860 1
452 865 1
452 894 1
452 467 1
3 572 1
3 601 1
3 263 1
3 725 1
3 674 1
3 896 1
3 243 1
3 457 1
3 240 1
3 650 1
3 279 1
3 621 1
970 3 1
970 327 1
970 415 1
970 732 1
844 3 1
844 224 1
844 376 1
844 637 1
844 653 1
844 656 1
844 806 1
252 3 1
252 46 1
252 48 1
252 49 1
252 60 1
252 119 1
252 567 1
252 732 1
177 3 1
177 18 1
177 60 1
177 152 1
177 539 1
177 564 1
177 621 1
177 190 1
177 304 1
177 722 1
177 554 1
572 119 1
572 134 1
572 214 1
572 340 1
572 457 1
572 519 1
572 530 1
572 561 1
572 635 1
572 693 1
572 928 1
572 794 1
572 844 1
572 916 1
572 815 1
572 623 1
572 781 1
572 857 1
572 936 1
572 947 1
572 975 1
572 578 1
601 48 1
601 152 1
601 440 1
601 447 1
601 567 1
601 583 1
601 801 1
601 916 1
601 650 1
601 747 1
799 3 1
799 350 1
799 648 1
799 704 1
799 984 1
315 3 1
315 68 1
315 225 1
315 255 1
315 519 1
315 403 1
315 344 1
315 896 1
315 901 1
315 947 1
315 494 1
263 571 1
263 278 1
263 674 1
263 553 1
263 781 1
263 951 1
725 70 1
725 373 1
725 564 1
725 571 1
725 586 1
725 635 1
725 896 1
674 77 1
674 327 1
674 543 1
674 628 1
674 660 1
674 838 1
674 853 1
896 198 1
896 270 1
896 380 1
896 562 1
896 622 1
896 765 1
722 3 1
722 243 1
722 410 1
722 440 1
722 576 1
722 687 1
722 714 1
117 3 1
117 60 1
117 936 1
117 845 1
117 747 1
117 650 1
117 225 1
117 799 1
117 308 1
117 717 1
243 32 1
243 57 1
243 568 1
243 650 1
243 556 1
243 319 1
243 601 1
243 675 1
243 970 1
243 628 1
243 990 1
243 298 1
243 975 1
243 512 1
893 3 1
893 102 1
893 144 1
893 529 1
893 543 1
893 568 1
893 732 1
893 857 1
789 3 1
789 45 1
789 57 1
789 240 1
789 270 1
789 564 1
789 724 1
457 45 1
457 117 1
457 159 1
457 385 1
457 440 1
457 650 1
457 623 1
457 541 1
457 492 1
457 980 1
240 60 1
240 102 1
240 747 1
650 32 1
650 45 1
650 48 1
650 110 1
650 152 1
650 288 1
650 373 1
650 380 1
650 415 1
650 541 1
650 564 1
650 566 1
650 623 1
650 747 1
650 675 1
650 870 1
650 984 1
650 781 1
650 970 1
650 732 1
279 26 1
279 40 1
279 89 1
279 127 1
279 196 1
279 563 1
279 878 1
279 836 1
279 617 1
279 363 1
279 848 1
279 531 1
279 359 1
279 992 1
508 3 1
508 103 1
508 118 1
508 141 1
508 271 1
508 306 1
508 413 1
508 425 1
508 790 1
508 933 1
508 695 1
508 627 1
508 715 1
508 861 1
508 940 1
558 3 1
558 68 1
558 70 1
558 117 1
558 168 1
558 258 1
558 385 1
558 389 1
558 539 1
558 808 1
558 801 1
558 558 1
558 844 1
558 754 1
558 609 1
558 583 1
558 621 1
77 3 1
77 567 1
77 117 1
77 389 1
77 832 1
77 376 1
77 620 1
77 134 1
77 136 1
77 975 1
621 60 1
621 102 1
621 263 1
621 278 1
621 380 1
621 389 1
621 411 1
621 661 1
621 928 1
621 916 1
621 870 1
621 687 1
621 693 1
621 658 1
621 744 1
642 3 1
642 152 1
642 308 1
642 388 1
642 704 1
642 845 1
642 650 1
642 789 1
216 3 1
216 121 1
216 144 1
216 152 1
216 567 1
216 640 1
216 970 1
216 216 1
216 754 1
216 801 1
216 704 1
216 658 1
216 440 1
216 488 1
216 576 1
216 544 1
901 3 1
901 27 1
901 32 1
901 282 1
901 344 1
901 435 1
901 525 1
901 660 1
901 674 1
901 721 1
901 754 1
901 784 1
901 849 1
901 857 1
403 3 1
403 57 1
403 308 1
403 350 1
403 572 1
403 648 1
403 571 1
972 3 1
972 32 1
972 190 1
972 415 1
972 558 1
972 571 1
972 621 1
972 675 1
972 758 1
972 814 1
4 680 1
4 154 1
4 527 1
4 148 1
4 5 1
4 622 1
4 871 1
4 196 1
4 827 1
4 611 1
680 606 1
680 828 1
680 871 1
866 4 1
866 123 1
866 412 1
866 527 1
866 639 1
866 741 1
629 4 1
629 7 1
629 148 1
629 330 1
629 814 1
629 902 1
154 51 1
154 123 1
154 808 1
154 320 1
154 417 1
154 735 1
154 553 1
527 97 1
527 154 1
527 186 1
527 300 1
527 382 1
527 679 1
527 584 1
527 989 1
527 735 1
989 4 1
989 85 1
989 108 1
989 357 1
989 379 1
989 524 1
989 584 1
989 855 1
989 871 1
148 97 1
148 101 1
148 524 1
148 808 1
148 352 1
148 902 1
148 192 1
148 989 1
148 285 1
5 111 1
5 343 1
5 680 1
5 524 1
5 140 1
5 315 1
5 527 1
5 51 1
5 828 1
5 85 1
5 417 1
5 679 1
5 597 1
622 115 1
622 379 1
622 417 1
622 827 1
622 855 1
622 680 1
622 809 1
871 49 1
871 108 1
871 115 1
871 203 1
871 360 1
871 585 1
871 629 1
871 788 1
871 827 1
871 986 1
639 4 1
639 57 1
639 85 1
639 108 1
639 154 1
639 352 1
639 382 1
639 554 1
639 584 1
639 622 1
639 809 1
639 808 1
639 855 1
639 828 1
639 643 1
639 989 1
639 796 1
594 4 1
594 9 1
594 180 1
594 343 1
594 788 1
594 814 1
594 828 1
594 594 1
594 643 1
49 4 1
49 5 1
49 9 1
49 639 1
49 855 1
49 866 1
49 320 1
49 85 1
49 585 1
49 215 1
49 161 1
49 679 1
49 148 1
49 446 1
49 382 1
49 933 1
49 577 1
424 4 1
424 5 1
424 808 1
424 871 1
424 639 1
196 37 1
196 38 1
196 40 1
196 63 1
196 116 1
196 127 1
196 561 1
196 563 1
196 830 1
196 848 1
196 821 1
196 292 1
827 108 1
827 186 1
827 594 1
827 855 1
827 874 1
611 175 1
611 180 1
611 424 1
611 524 1
611 584 1
611 629 1
611 735 1
611 985 1
679 4 1
679 85 1
679 111 1
679 140 1
679 148 1
679 808 1
679 866 1
679 828 1
679 871 1
679 908 1
111 51 1
111 101 1
111 584 1
111 115 1
111 989 1
111 594 1
111 171 1
111 643 1
111 186 1
343 49 1
343 101 1
343 108 1
343 148 1
343 161 1
343 585 1
343 828 1
343 446 1
343 730 1
524 85 1
524 101 1
524 123 1
524 192 1
524 584 1
524 827 1
524 639 1
204 5 1
204 108 1
204 871 1
204 902 1
204 735 1
186 5 1
186 9 1
186 123 1
186 524 1
186 788 1
186 382 1
186 446 1
186 629 1
186 518 1
186 989 1
186 387 1
186 451 1
140 111 1
140 524 1
140 809 1
140 343 1
140 352 1
140 902 1
140 989 1
140 446 1
140 140 1
140 417 1
140 424 1
140 991 1
9 5 1
9 585 1
9 382 1
9 622 1
9 827 1
9 215 1
9 866 1
9 871 1
9 111 1
9 643 1
9 679 1
9 93 1
788 5 1
788 97 1
788 154 1
788 320 1
788 352 1
788 378 1
788 498 1
788 808 1
788 895 1
51 9 1
51 808 1
51 97 1
51 148 1
51 827 1
51 680 1
51 611 1
51 379 1
51 639 1
51 123 1
51 51 1
51 108 1
51 871 1
51 180 1
51 343 1
51 855 1
51 140 1
51 204 1
51 527 1
51 382 1
51 592 1
51 982 1
828 7 1
828 51 1
828 111 1
828 180 1
828 186 1
828 424 1
828 643 1
828 788 1
85 51 1
85 809 1
85 320 1
85 585 1
85 680 1
85 115 1
85 735 1
352 5 1
352 51 1
352 154 1
352 180 1
352 198 1
352 204 1
352 343 1
352 680 1
352 554 1
352 866 1
352 379 1
352 352 1
352 378 1
352 855 1
352 611 1
352 834 1
352 871 1
352 965 1
643 5 1
643 51 1
643 101 1
643 158 1
643 192 1
643 352 1
643 554 1
643 944 1
417 9 1
417 148 1
417 204 1
417 379 1
417 788 1
417 554 1
417 639 1
417 594 1
417 491 1
417 735 1
735 5 1
735 6 1
735 51 1
735 74 1
735 108 1
735 148 1
735 161 1
735 180 1
735 186 1
735 320 1
735 343 1
735 352 1
735 585 1
735 612 1
735 622 1
735 679 1
735 685 1
735 721 1
735 808 1
735 741 1
735 989 1
735 735 1
735 855 1
735 866 1
366 5 1
366 84 1
366 237 1
366 253 1
366 274 1
366 357 1
366 782 1
366 441 1
366 987 1
366 842 1
366 895 1
366 889 1
366 496 1
597 50 1
597 307 1
597 337 1
597 372 1
597 454 1
597 498 1
597 552 1
597 582 1
597 597 1
597 638 1
597 702 1
597 745 1
597 853 1
597 608 1
597 617 1
175 5 1
175 121 1
175 160 1
175 201 1
175 548 1
175 384 1
175 774 1
175 875 1
175 430 1
175 864 1
175 930 1
175 183 1
175 951 1
703 6 1
703 33 1
703 90 1
703 173 1
703 230 1
703 269 1
703 342 1
703 409 1
703 651 1
703 666 1
703 791 1
703 974 1
703 983 1
6 514 1
6 662 1
6 399 1
6 447 1
6 786 1
6 918 1
6 499 1
6 795 1
6 652 1
6 6 1
6 922 1
6 683 1
6 883 1
423 6 1
423 171 1
423 295 1
423 298 1
423 712 1
423 766 1
423 863 1
423 869 1
423 792 1
662 130 1
662 283 1
662 759 1
662 961 1
662 834 1
662 779 1
662 879 1
662 883 1
783 6 1
783 168 1
783 419 1
783 713 1
783 766 1
783 869 1
170 6 1
170 860 1
170 616 1
170 514 1
170 630 1
170 931 1
170 776 1
170 766 1
399 290 1
399 291 1
399 298 1
399 310 1
399 368 1
399 725 1
399 794 1
399 723 1
399 757 1
399 803 1
399 816 1
399 742 1
447 16 1
447 171 1
447 285 1
447 779 1
447 482 1
786 274 1
786 427 1
786 429 1
786 448 1
786 560 1
786 591 1
786 644 1
786 748 1
786 779 1
786 834 1
786 887 1
786 997 1
786 839 1
786 787 1
835 6 1
835 130 1
835 181 1
835 652 1
835 835 1
835 883 1
835 945 1
918 167 1
918 426 1
358 6 1
358 88 1
358 212 1
358 843 1
358 901 1
358 750 1
358 925 1
358 825 1
630 6 1
630 285 1
630 418 1
630 426 1
630 499 1
630 592 1
630 961 1
630 806 1
499 167 1
499 172 1
499 426 1
499 869 1
499 528 1
499 961 1
499 795 1
795 212 1
795 352 1
795 429 1
795 593 1
653 6 1
653 170 1
653 249 1
653 341 1
653 426 1
653 482 1
653 490 1
653 493 1
653 742 1
653 942 1
653 816 1
652 233 1
652 239 1
652 291 1
652 405 1
652 956 1
652 662 1
652 841 1
652 748 1
652 854 1
652 942 1
652 779 1
290 6 1
290 200 1
290 223 1
290 522 1
290 646 1
290 298 1
290 723 1
290 719 1
290 402 1
290 386 1
922 13 1
922 26 1
922 127 1
922 563 1
922 723 1
922 736 1
922 821 1
922 830 1
922 882 1
922 990 1
684 6 1
684 46 1
684 120 1
684 188 1
684 471 1
684 475 1
684 500 1
684 532 1
684 533 1
684 540 1
684 591 1
684 813 1
684 986 1
684 729 1
684 705 1
644 6 1
644 285 1
644 290 1
644 317 1
644 380 1
644 407 1
644 592 1
683 172 1
683 195 1
683 267 1
683 290 1
683 370 1
683 391 1
683 446 1
683 586 1
683 694 1
683 942 1
683 908 1
683 833 1
683 721 1
267 6 1
267 932 1
267 665 1
267 287 1
267 646 1
267 628 1
267 787 1
267 295 1
267 317 1
267 447 1
883 172 1
883 290 1
883 351 1
883 422 1
883 426 1
883 474 1
883 570 1
883 592 1
883 683 1
883 766 1
883 852 1
883 941 1
7 751 1
7 544 1
7 90 1
7 157 1
7 768 1
7 50 1
7 939 1
7 232 1
7 105 1
7 110 1
7 174 1
7 667 1
7 710 1
7 394 1
7 538 1
7 552 1
7 47 1
7 597 1
7 185 1
7 708 1
7 247 1
654 7 1
654 15 1
654 93 1
654 98 1
654 185 1
654 312 1
654 508 1
654 627 1
654 663 1
654 654 1
654 933 1
654 740 1
832 7 1
832 214 1
832 519 1
832 564 1
832 628 1
751 50 1
751 160 1
751 185 1
751 232 1
751 372 1
751 582 1
751 638 1
812 7 1
812 125 1
812 272 1
812 544 1
812 575 1
812 702 1
745 7 1
745 36 1
745 47 1
745 65 1
745 90 1
745 157 1
745 372 1
745 455 1
745 498 1
745 536 1
745 552 1
745 582 1
745 617 1
745 919 1
745 796 1
745 853 1
544 90 1
544 241 1
544 372 1
544 498 1
544 975 1
544 710 1
544 608 1
125 7 1
125 50 1
125 105 1
125 498 1
125 575 1
125 738 1
125 370 1
36 7 1
36 517 1
36 536 1
36 36 1
36 620 1
36 597 1
36 254 1
90 47 1
90 50 1
90 73 1
90 536 1
90 597 1
90 768 1
90 708 1
90 606 1
90 166 1
90 91 1
90 232 1
90 272 1
90 299 1
157 47 1
157 50 1
157 129 1
157 575 1
157 631 1
157 185 1
157 232 1
157 247 1
853 7 1
853 50 1
853 135 1
853 241 1
853 272 1
853 299 1
853 478 1
853 552 1
853 582 1
853 638 1
853 649 1
853 667 1
853 728 1
853 773 1
853 788 1
853 857 1
272 7 1
272 125 1
272 129 1
272 166 1
272 587 1
272 597 1
272 702 1
272 811 1
272 337 1
272 575 1
272 708 1
272 299 1
272 939 1
272 946 1
272 590 1
768 307 1
768 596 1
768 947 1
768 796 1
165 7 1
165 99 1
165 105 1
165 125 1
165 160 1
165 597 1
165 667 1
165 573 1
165 364 1
165 232 1
50 36 1
50 47 1
50 812 1
50 129 1
50 247 1
50 307 1
50 160 1
50 110 1
50 299 1
50 232 1
50 729 1
50 135 1
50 163 1
50 372 1
372 7 1
372 47 1
372 110 1
372 185 1
372 247 1
372 272 1
372 337 1
372 710 1
372 631 1
372 575 1
372 939 1
372 667 1
372 812 1
91 7 1
91 538 1
91 185 1
91 575 1
91 811 1
91 241 1
91 247 1
91 490 1
939 47 1
939 241 1
939 597 1
939 853 1
232 73 1
232 105 1
232 174 1
232 538 1
232 596 1
232 299 1
232 597 1
232 811 1
232 575 1
232 544 1
232 692 1
232 638 1
232 608 1
232 587 1
232 696 1
232 834 1
232 796 1
454 7 1
454 90 1
454 110 1
454 241 1
454 745 1
105 13 1
105 773 1
105 504 1
105 631 1
105 166 1
105 185 1
105 708 1
105 710 1
110 90 1
110 105 1
110 606 1
110 796 1
110 185 1
110 597 1
110 667 1
110 853 1
174 715 1
174 575 1
174 597 1
174 751 1
174 364 1
667 47 1
667 241 1
667 538 1
73 7 1
73 50 1
73 536 1
73 552 1
73 811 1
73 582 1
73 105 1
73 345 1
73 99 1
73 631 1
73 166 1
73 185 1
307 7 1
307 47 1
307 78 1
307 129 1
307 308 1
307 667 1
307 751 1
631 7 1
631 90 1
631 163 1
631 174 1
631 307 1
631 454 1
631 582 1
631 667 1
631 935 1
631 702 1
631 796 1
919 7 1
919 36 1
919 50 1
919 185 1
919 232 1
919 416 1
919 596 1
608 7 1
608 99 1
608 110 1
608 272 1
608 796 1
299 7 1
299 47 1
299 73 1
299 100 1
299 185 1
299 241 1
299 708 1
299 954 1
121 7 1
121 771 1
121 850 1
121 122 1
121 208 1
121 220 1
121 246 1
988 7 1
988 21 1
988 39 1
988 510 1
988 905 1
988 932 1
988 946 1
988 988 1
794 7 1
794 12 1
794 57 1
794 226 1
794 324 1
794 657 1
794 674 1
794 916 1
794 802 1
794 843 1
794 816 1
394 30 1
394 78 1
394 92 1
394 253 1
394 347 1
394 360 1
394 464 1
394 613 1
394 484 1
538 47 1
538 90 1
538 364 1
538 745 1
538 596 1
538 573 1
538 671 1
552 135 1
552 165 1
552 241 1
552 454 1
552 919 1
552 939 1
552 768 1
552 671 1
552 702 1
552 954 1
47 91 1
47 552 1
47 608 1
47 710 1
47 702 1
47 364 1
47 536 1
47 638 1
47 261 1
47 362 1
47 283 1
47 575 1
47 671 1
47 811 1
185 47 1
185 70 1
185 129 1
185 163 1
185 597 1
185 796 1
185 596 1
185 768 1
185 232 1
185 241 1
185 892 1
185 364 1
185 667 1
185 509 1
185 853 1
708 247 1
708 454 1
708 536 1
708 703 1
708 853 1
708 919 1
247 90 1
247 99 1
247 135 1
247 162 1
247 165 1
247 232 1
247 241 1
247 597 1
247 631 1
247 272 1
247 853 1
455 7 1
455 99 1
455 495 1
455 597 1
455 708 1
455 455 1
455 475 1
8 976 1
8 981 1
8 551 1
8 797 1
8 284 1
8 310 1
8 44 1
8 682 1
8 280 1
8 67 1
8 719 1
8 209 1
8 242 1
734 8 1
734 206 1
734 221 1
734 239 1
734 284 1
734 615 1
734 720 1
734 994 1
734 743 1
734 939 1
734 829 1
981 44 1
981 53 1
981 76 1
981 132 1
981 196 1
981 209 1
981 465 1
981 778 1
981 880 1
720 8 1
720 112 1
720 209 1
720 301 1
720 618 1
720 670 1
720 772 1
720 981 1
474 8 1
474 195 1
474 280 1
474 396 1
474 439 1
474 719 1
495 8 1
495 242 1
495 316 1
495 396 1
495 401 1
551 239 1
551 396 1
551 550 1
551 719 1
551 981 1
551 797 1
551 656 1
551 613 1
551 903 1
797 44 1
797 340 1
797 396 1
797 495 1
797 550 1
797 999 1
310 69 1
310 76 1
310 132 1
310 206 1
310 217 1
310 304 1
310 981 1
310 339 1
310 477 1
310 797 1
310 727 1
310 995 1
310 495 1
310 497 1
310 670 1
310 507 1
731 8 1
731 67 1
731 209 1
731 239 1
731 310 1
731 560 1
731 577 1
731 880 1
731 994 1
682 27 1
682 216 1
682 263 1
682 385 1
682 415 1
682 471 1
682 558 1
682 650 1
682 661 1
280 44 1
280 209 1
280 217 1
280 772 1
280 550 1
280 867 1
280 976 1
280 797 1
280 577 1
280 691 1
67 44 1
67 53 1
67 382 1
67 284 1
67 132 1
67 328 1
67 797 1
67 738 1
67 495 1
67 134 1
67 375 1
67 396 1
67 719 1
69 8 1
69 43 1
69 577 1
69 720 1
69 743 1
69 262 1
69 507 1
69 670 1
69 797 1
69 145 1
69 284 1
69 239 1
69 996 1
69 734 1
69 678 1
465 8 1
465 130 1
465 719 1
465 621 1
217 8 1
217 67 1
217 145 1
217 206 1
217 209 1
217 772 1
217 262 1
217 328 1
217 719 1
217 734 1
217 743 1
217 838 1
217 848 1
126 8 1
126 448 1
126 212 1
126 856 1
126 942 1
126 786 1
126 694 1
126 653 1
126 739 1
126 851 1
126 386 1
126 931 1
741 9 1
741 87 1
741 108 1
741 186 1
741 554 1
741 585 1
741 730 1
741 788 1
741 814 1
741 828 1
123 9 1
123 871 1
123 629 1
123 643 1
123 379 1
123 161 1
585 340 1
585 788 1
585 809 1
585 828 1
585 590 1
382 101 1
382 108 1
382 180 1
382 204 1
382 379 1
382 524 1
382 828 1
382 680 1
382 643 1
382 629 1
382 483 1
382 866 1
382 741 1
382 411 1
108 9 1
108 320 1
108 123 1
108 902 1
108 417 1
108 211 1
108 128 1
108 622 1
108 111 1
108 232 1
215 85 1
215 108 1
215 115 1
215 524 1
215 527 1
215 788 1
215 379 1
215 886 1
215 735 1
668 9 1
668 75 1
668 158 1
668 163 1
668 218 1
668 286 1
668 322 1
668 323 1
668 325 1
668 335 1
668 338 1
668 342 1
668 348 1
668 703 1
668 910 1
668 737 1
668 820 1
668 840 1
320 9 1
320 101 1
320 138 1
320 180 1
320 554 1
320 814 1
320 382 1
320 378 1
320 527 1
320 352 1
378 9 1
378 49 1
378 93 1
378 215 1
378 814 1
378 855 1
93 58 1
93 557 1
93 312 1
93 912 1
93 271 1
93 910 1
93 118 1
93 508 1
93 784 1
93 498 1
10 85 1
10 496 1
10 314 1
10 300 1
10 367 1
10 42 1
10 701 1
10 756 1
10 865 1
10 366 1
10 377 1
10 911 1
10 968 1
873 10 1
873 238 1
873 250 1
873 272 1
873 289 1
873 716 1
873 756 1
873 829 1
873 889 1
716 10 1
716 104 1
716 113 1
716 199 1
716 224 1
716 250 1
716 264 1
716 274 1
716 314 1
716 428 1
716 443 1
716 464 1
716 467 1
716 486 1
716 860 1
716 914 1
716 987 1
716 750 1
716 859 1
716 889 1
496 14 1
496 187 1
496 257 1
496 345 1
496 404 1
496 414 1
496 467 1
496 716 1
496 831 1
496 805 1
496 785 1
496 914 1
496 774 1
496 510 1
84 10 1
84 255 1
84 202 1
84 873 1
84 895 1
84 257 1
84 253 1
84 971 1
84 395 1
84 803 1
84 860 1
191 10 1
191 104 1
191 902 1
191 805 1
191 940 1
191 332 1
191 733 1
191 831 1
314 199 1
314 213 1
314 301 1
314 800 1
314 831 1
314 314 1
314 960 1
314 790 1
314 889 1
314 968 1
300 95 1
300 199 1
300 250 1
300 264 1
300 289 1
300 756 1
300 367 1
300 817 1
300 960 1
300 959 1
300 300 1
300 889 1
300 968 1
300 502 1
289 10 1
289 718 1
289 785 1
289 960 1
289 865 1
289 798 1
289 305 1
289 367 1
289 395 1
441 10 1
441 84 1
441 110 1
441 267 1
441 377 1
441 715 1
441 829 1
441 881 1
441 911 1
441 909 1
441 464 1
441 959 1
764 10 1
764 42 1
764 264 1
764 443 1
764 873 1
764 829 1
764 971 1
764 914 1
764 985 1
367 105 1
367 202 1
367 224 1
367 245 1
367 250 1
367 255 1
367 366 1
367 873 1
367 859 1
367 872 1
367 770 1
367 445 1
367 502 1
881 10 1
881 187 1
881 227 1
881 253 1
881 464 1
881 701 1
881 796 1
881 829 1
881 998 1
881 959 1
846 10 1
846 113 1
846 188 1
846 264 1
846 357 1
846 366 1
846 367 1
846 377 1
846 464 1
846 467 1
761 10 1
761 11 1
761 362 1
761 451 1
761 480 1
761 506 1
761 520 1
761 532 1
761 634 1
761 690 1
761 699 1
761 705 1
761 978 1
42 17 1
42 104 1
42 914 1
42 859 1
42 414 1
42 915 1
42 227 1
42 496 1
42 367 1
42 805 1
42 894 1
42 860 1
42 716 1
42 404 1
42 443 1
42 846 1
42 940 1
42 959 1
42 627 1
701 42 1
701 184 1
701 250 1
701 457 1
701 467 1
701 661 1
701 689 1
701 987 1
199 10 1
199 357 1
199 985 1
199 959 1
199 395 1
199 253 1
199 782 1
199 489 1
199 404 1
199 894 1
199 770 1
199 646 1
199 385 1
199 817 1
199 831 1
199 464 1
756 25 1
756 213 1
756 245 1
756 253 1
756 301 1
756 305 1
756 356 1
756 367 1
756 404 1
756 428 1
756 441 1
756 716 1
756 948 1
756 940 1
756 805 1
829 10 1
829 42 1
829 187 1
829 224 1
829 245 1
829 253 1
829 289 1
829 314 1
829 318 1
829 345 1
829 420 1
829 486 1
829 689 1
829 968 1
829 859 1
829 874 1
829 831 1
865 173 1
865 213 1
865 257 1
865 366 1
865 805 1
865 915 1
865 889 1
865 895 1
377 227 1
377 235 1
377 237 1
377 255 1
377 264 1
377 274 1
377 300 1
377 301 1
377 305 1
377 345 1
377 756 1
377 889 1
377 859 1
377 716 1
377 764 1
377 895 1
377 829 1
377 486 1
377 985 1
377 971 1
377 785 1
377 531 1
377 535 1
377 467 1
911 105 1
911 113 1
911 238 1
911 250 1
911 366 1
911 395 1
911 463 1
911 800 1
911 805 1
968 113 1
968 122 1
968 199 1
968 264 1
968 289 1
968 368 1
968 428 1
968 599 1
968 698 1
968 718 1
968 842 1
968 859 1
968 894 1
968 895 1
464 10 1
464 42 1
464 187 1
464 213 1
464 377 1
464 421 1
464 817 1
464 829 1
464 909 1
464 502 1
464 782 1
464 963 1
464 940 1
510 10 1
510 113 1
510 452 1
510 467 1
510 800 1
510 889 1
510 985 1
510 987 1
510 756 1
510 895 1
938 10 1
938 205 1
938 282 1
938 463 1
11 120 1
11 106 1
11 256 1
11 962 1
11 711 1
11 46 1
11 346 1
11 913 1
120 549 1
120 996 1
120 269 1
120 555 1
120 516 1
120 714 1
120 311 1
120 634 1
120 520 1
120 351 1
120 705 1
106 547 1
106 610 1
106 522 1
106 540 1
106 634 1
106 459 1
106 506 1
256 56 1
256 222 1
256 540 1
256 346 1
256 705 1
256 451 1
580 11 1
580 23 1
580 256 1
580 346 1
580 565 1
580 935 1
580 978 1
580 698 1
978 11 1
978 522 1
978 681 1
978 685 1
978 705 1
978 828 1
978 888 1
978 935 1
978 978 1
506 11 1
506 23 1
506 120 1
506 256 1
506 451 1
506 475 1
506 540 1
506 699 1
506 705 1
506 978 1
506 516 1
506 533 1
506 685 1
506 580 1
506 641 1
506 566 1
813 11 1
813 120 1
813 197 1
813 251 1
813 311 1
813 431 1
813 475 1
813 506 1
813 532 1
813 554 1
813 555 1
813 641 1
813 804 1
813 813 1
522 11 1
522 20 1
522 256 1
522 269 1
522 311 1
522 438 1
522 442 1
522 580 1
522 962 1
522 813 1
522 533 1
705 11 1
705 188 1
705 269 1
705 311 1
705 459 1
705 475 1
705 522 1
705 532 1
705 578 1
705 580 1
705 685 1
705 698 1
705 714 1
705 935 1
705 813 1
705 886 1
705 729 1
962 188 1
962 273 1
962 438 1
962 475 1
962 500 1
962 516 1
962 684 1
962 699 1
962 761 1
962 837 1
641 11 1
641 71 1
641 273 1
641 520 1
641 533 1
641 540 1
641 685 1
641 920 1
641 739 1
711 20 1
711 71 1
711 197 1
711 222 1
711 251 1
711 451 1
711 471 1
711 475 1
711 500 1
711 522 1
711 540 1
711 578 1
711 580 1
711 641 1
711 681 1
711 705 1
711 711 1
711 935 1
711 729 1
975 11 1
975 32 1
975 45 1
975 136 1
975 228 1
975 344 1
975 564 1
975 586 1
975 606 1
975 609 1
975 621 1
975 623 1
975 635 1
975 642 1
975 838 1
975 870 1
23 11 1
23 840 1
23 346 1
23 729 1
23 624 1
23 818 1
23 318 1
23 540 1
23 698 1
23 699 1
46 813 1
46 471 1
46 256 1
46 459 1
46 641 1
46 714 1
346 249 1
346 269 1
346 540 1
346 624 1
346 475 1
346 522 1
346 634 1
346 978 1
346 761 1
698 11 1
698 106 1
698 115 1
698 197 1
698 346 1
698 431 1
698 434 1
698 480 1
698 540 1
698 591 1
698 690 1
698 813 1
698 711 1
698 888 1
698 986 1
698 699 1
699 11 1
699 71 1
699 207 1
699 249 1
699 346 1
699 451 1
699 459 1
699 516 1
699 520 1
699 532 1
699 533 1
699 624 1
699 690 1
699 958 1
699 746 1
913 126 1
913 485 1
913 525 1
913 560 1
913 683 1
913 835 1
843 12 1
843 32 1
843 494 1
843 519 1
843 568 1
843 975 1
12 308 1
12 660 1
12 609 1
12 60 1
12 687 1
12 434 1
12 525 1
12 799 1
12 225 1
12 48 1
12 568 1
12 68 1
12 350 1
12 916 1
12 972 1
12 984 1
308 152 1
308 609 1
308 754 1
308 543 1
308 674 1
308 687 1
308 494 1
308 980 1
308 567 1
308 648 1
308 380 1
308 418 1
308 918 1
276 12 1
276 216 1
276 350 1
276 970 1
276 786 1
276 905 1
276 399 1
660 60 1
660 176 1
660 415 1
660 567 1
660 576 1
660 601 1
660 857 1
660 844 1
660 928 1
660 790 1
556 12 1
556 48 1
556 324 1
556 327 1
556 552 1
556 648 1
556 801 1
556 656 1
556 747 1
556 907 1
556 650 1
556 754 1
609 70 1
609 228 1
609 319 1
609 385 1
609 415 1
609 539 1
609 642 1
609 628 1
609 798 1
609 984 1
60 916 1
60 845 1
60 928 1
60 435 1
60 972 1
60 385 1
60 849 1
60 546 1
60 876 1
60 530 1
60 403 1
60 803 1
60 274 1
60 389 1
687 48 1
687 144 1
687 270 1
687 324 1
687 327 1
687 508 1
687 660 1
687 675 1
687 798 1
687 789 1
687 794 1
687 832 1
434 70 1
434 134 1
434 318 1
434 373 1
434 566 1
434 567 1
434 628 1
434 675 1
435 12 1
435 259 1
435 972 1
525 77 1
525 198 1
525 278 1
525 380 1
525 789 1
525 635 1
525 657 1
525 614 1
525 675 1
525 746 1
525 646 1
225 190 1
225 216 1
225 614 1
225 815 1
225 225 1
225 503 1
225 812 1
562 12 1
562 290 1
562 493 1
562 562 1
562 841 1
562 863 1
562 696 1
562 825 1
562 750 1
562 934 1
562 945 1
444 12 1
444 55 1
444 72 1
444 79 1
444 96 1
444 109 1
444 178 1
444 189 1
444 388 1
444 394 1
444 400 1
444 517 1
444 590 1
444 504 1
444 613 1
444 953 1
444 996 1
444 967 1
444 753 1
444 988 1
444 765 1
444 749 1
32 12 1
32 240 1
32 319 1
32 980 1
32 457 1
32 676 1
32 566 1
32 136 1
32 117 1
32 682 1
32 350 1
32 725 1
32 710 1
32 942 1
48 525 1
48 558 1
48 722 1
48 134 1
48 308 1
48 57 1
48 837 1
48 676 1
48 905 1
48 230 1
568 119 1
568 177 1
568 274 1
568 380 1
568 457 1
568 682 1
568 754 1
568 650 1
568 647 1
568 601 1
568 687 1
568 905 1
68 844 1
68 556 1
68 754 1
68 802 1
68 901 1
68 389 1
656 12 1
656 168 1
656 304 1
656 350 1
656 430 1
656 435 1
656 539 1
656 558 1
656 567 1
656 640 1
656 754 1
656 815 1
656 660 1
656 722 1
656 658 1
656 990 1
350 119 1
350 258 1
350 797 1
350 657 1
350 614 1
350 768 1
350 574 1
350 390 1
916 116 1
916 228 1
916 313 1
916 327 1
916 380 1
916 488 1
916 558 1
916 725 1
984 60 1
984 219 1
984 539 1
984 558 1
984 566 1
984 581 1
984 975 1
13 363 1
13 830 1
13 458 1
13 143 1
13 349 1
13 836 1
13 26 1
13 43 1
13 604 1
13 116 1
13 346 1
363 26 1
363 43 1
363 196 1
363 531 1
363 561 1
363 659 1
363 878 1
363 736 1
830 26 1
830 37 1
830 43 1
830 86 1
830 359 1
830 390 1
830 506 1
830 549 1
830 617 1
830 878 1
458 43 1
458 196 1
458 363 1
458 364 1
458 531 1
458 561 1
458 604 1
458 659 1
458 922 1
458 829 1
143 43 1
143 279 1
143 359 1
143 922 1
143 458 1
143 531 1
143 996 1
143 736 1
617 13 1
617 26 1
617 40 1
617 458 1
617 588 1
617 604 1
617 848 1
617 878 1
617 659 1
349 43 1
349 86 1
349 279 1
349 549 1
349 563 1
349 728 1
349 878 1
836 43 1
836 116 1
836 539 1
836 563 1
836 588 1
836 636 1
836 702 1
836 736 1
836 878 1
878 13 1
878 26 1
878 37 1
878 43 1
878 63 1
878 127 1
878 219 1
878 258 1
878 359 1
878 406 1
878 563 1
878 821 1
531 13 1
531 26 1
531 40 1
531 63 1
531 127 1
531 359 1
531 878 1
531 659 1
531 531 1
531 830 1
531 563 1
531 979 1
26 43 1
26 563 1
26 196 1
26 659 1
26 633 1
26 63 1
26 458 1
26 821 1
26 86 1
26 561 1
26 848 1
26 975 1
26 605 1
26 396 1
26 904 1
43 37 1
43 279 1
43 659 1
43 617 1
43 561 1
43 127 1
43 821 1
43 196 1
43 922 1
43 86 1
43 633 1
43 43 1
43 588 1
43 179 1
604 43 1
604 63 1
604 86 1
604 127 1
604 143 1
604 196 1
604 279 1
604 349 1
604 359 1
604 363 1
604 445 1
604 531 1
604 563 1
604 922 1
604 736 1
604 830 1
604 604 1
604 605 1
604 848 1
604 800 1
17 13 1
17 158 1
17 804 1
17 505 1
17 33 1
17 342 1
17 479 1
17 261 1
17 268 1
17 322 1
17 370 1
17 666 1
17 155 1
17 717 1
17 323 1
581 13 1
581 100 1
581 133 1
581 249 1
581 259 1
581 509 1
581 983 1
581 819 1
581 655 1
581 847 1
581 607 1
14 826 1
14 737 1
14 515 1
14 169 1
14 66 1
14 333 1
14 717 1
14 14 1
14 149 1
14 362 1
14 326 1
14 758 1
14 80 1
14 473 1
14 998 1
14 205 1
14 338 1
937 14 1
937 19 1
937 116 1
937 149 1
937 176 1
937 189 1
937 333 1
937 348 1
937 387 1
937 512 1
937 840 1
937 973 1
826 19 1
826 80 1
826 108 1
826 176 1
826 265 1
826 286 1
826 391 1
826 393 1
826 468 1
826 500 1
826 730 1
826 765 1
826 845 1
826 886 1
826 904 1
826 943 1
826 925 1
737 95 1
737 158 1
737 231 1
737 321 1
737 355 1
737 381 1
737 903 1
737 904 1
515 169 1
515 179 1
515 329 1
515 356 1
515 759 1
515 574 1
515 668 1
515 923 1
169 433 1
169 777 1
169 412 1
169 904 1
169 351 1
169 176 1
169 724 1
169 758 1
169 826 1
749 14 1
749 17 1
749 230 1
749 236 1
749 265 1
749 515 1
749 730 1
749 840 1
66 155 1
66 706 1
66 333 1
66 362 1
66 618 1
66 668 1
66 179 1
66 840 1
66 402 1
66 407 1
333 42 1
333 201 1
333 512 1
333 666 1
333 476 1
333 398 1
333 460 1
840 14 1
840 19 1
840 52 1
840 169 1
840 322 1
840 326 1
840 387 1
840 409 1
840 746 1
840 791 1
840 793 1
840 820 1
840 826 1
840 906 1
840 901 1
840 923 1
717 52 1
717 179 1
717 261 1
717 268 1
717 321 1
717 460 1
717 608 1
717 700 1
717 726 1
717 906 1
717 807 1
677 14 1
677 278 1
677 390 1
677 398 1
677 407 1
677 433 1
677 505 1
677 666 1
677 697 1
677 717 1
677 903 1
149 512 1
149 468 1
149 325 1
149 752 1
149 369 1
149 668 1
149 158 1
149 176 1
149 793 1
149 840 1
149 355 1
362 95 1
362 305 1
362 355 1
362 469 1
966 14 1
966 376 1
966 717 1
966 758 1
966 840 1
765 14 1
765 268 1
765 286 1
765 338 1
765 407 1
765 412 1
765 992 1
765 776 1
326 66 1
326 147 1
326 413 1
326 666 1
326 973 1
326 624 1
326 931 1
387 14 1
387 33 1
387 149 1
387 322 1
387 369 1
387 831 1
387 479 1
387 903 1
387 390 1
387 501 1
387 409 1
387 535 1
387 619 1
387 460 1
230 14 1
230 158 1
230 173 1
230 677 1
230 706 1
230 335 1
230 460 1
758 33 1
758 173 1
758 179 1
758 211 1
758 218 1
758 230 1
758 313 1
758 330 1
758 336 1
758 355 1
758 362 1
758 387 1
758 499 1
758 505 1
758 570 1
758 574 1
758 640 1
758 666 1
758 668 1
758 697 1
758 749 1
758 992 1
758 949 1
758 820 1
758 984 1
758 983 1
80 230 1
80 326 1
80 511 1
80 758 1
80 966 1
80 763 1
80 95 1
80 604 1
80 700 1
80 313 1
80 840 1
397 14 1
397 149 1
397 775 1
397 512 1
397 668 1
397 678 1
397 427 1
825 14 1
825 171 1
825 285 1
825 317 1
825 566 1
825 595 1
825 652 1
825 721 1
825 757 1
825 833 1
998 464 1
998 467 1
998 718 1
998 817 1
179 14 1
179 169 1
179 176 1
179 673 1
179 381 1
179 356 1
179 512 1
179 535 1
179 265 1
179 703 1
179 730 1
179 973 1
179 207 1
179 342 1
179 807 1
179 777 1
179 890 1
205 155 1
205 505 1
205 923 1
205 925 1
205 724 1
205 730 1
205 348 1
302 14 1
302 52 1
302 95 1
302 179 1
302 724 1
302 325 1
302 321 1
302 923 1
302 668 1
302 955 1
302 759 1
302 356 1
302 381 1
302 398 1
302 833 1
335 14 1
335 17 1
335 66 1
335 168 1
335 173 1
335 175 1
335 333 1
335 758 1
335 697 1
338 118 1
338 326 1
338 336 1
338 706 1
338 826 1
338 678 1
338 703 1
338 758 1
338 749 1
338 407 1
338 353 1
663 15 1
663 58 1
663 96 1
663 912 1
663 715 1
15 271 1
15 557 1
15 141 1
15 868 1
15 993 1
15 995 1
15 790 1
15 933 1
15 715 1
15 508 1
15 538 1
740 15 1
740 274 1
740 312 1
740 365 1
740 481 1
740 508 1
740 523 1
740 557 1
740 627 1
740 663 1
740 709 1
740 780 1
740 933 1
740 861 1
740 740 1
413 15 1
413 375 1
413 557 1
413 695 1
413 790 1
413 780 1
413 709 1
413 413 1
271 58 1
271 103 1
271 141 1
271 523 1
271 413 1
271 709 1
271 993 1
271 375 1
271 790 1
271 912 1
271 663 1
271 740 1
271 543 1
557 58 1
557 60 1
557 131 1
557 312 1
557 459 1
557 654 1
557 715 1
557 557 1
557 933 1
141 98 1
141 131 1
141 780 1
141 306 1
141 481 1
141 690 1
868 58 1
868 93 1
868 98 1
868 131 1
868 141 1
868 271 1
868 294 1
868 508 1
868 526 1
868 663 1
868 695 1
868 709 1
868 740 1
868 912 1
312 15 1
312 43 1
312 131 1
312 271 1
312 780 1
312 508 1
312 861 1
312 526 1
312 912 1
312 627 1
312 790 1
312 868 1
312 842 1
118 15 1
118 526 1
118 271 1
118 861 1
118 375 1
118 306 1
118 713 1
118 413 1
118 822 1
993 103 1
993 141 1
993 306 1
993 312 1
993 419 1
993 627 1
993 780 1
993 790 1
993 861 1
993 933 1
709 15 1
709 24 1
709 98 1
709 103 1
709 654 1
709 861 1
709 933 1
709 715 1
995 217 1
995 280 1
790 141 1
790 306 1
790 557 1
790 654 1
790 755 1
790 780 1
790 933 1
933 93 1
933 103 1
933 273 1
933 312 1
933 375 1
933 413 1
933 574 1
933 774 1
933 861 1
933 912 1
933 919 1
933 933 1
715 58 1
715 271 1
715 306 1
715 375 1
715 413 1
715 526 1
715 654 1
715 790 1
715 933 1
715 715 1
54 15 1
54 22 1
54 274 1
54 517 1
54 824 1
54 54 1
54 885 1
54 920 1
54 81 1
54 504 1
54 636 1
54 924 1
54 612 1
54 466 1
824 16 1
824 21 1
824 129 1
824 504 1
824 636 1
824 946 1
824 824 1
824 924 1
824 885 1
16 517 1
16 229 1
16 593 1
16 900 1
16 521 1
16 54 1
16 83 1
16 189 1
16 713 1
16 753 1
16 360 1
16 444 1
517 79 1
517 189 1
517 203 1
517 388 1
517 988 1
517 900 1
517 613 1
517 593 1
517 753 1
517 626 1
229 21 1
229 51 1
229 744 1
229 553 1
229 240 1
229 450 1
593 79 1
593 83 1
593 94 1
593 445 1
593 449 1
593 897 1
593 956 1
593 636 1
593 950 1
612 16 1
612 450 1
612 545 1
612 553 1
612 618 1
612 900 1
612 932 1
612 625 1
900 72 1
900 711 1
900 932 1
22 16 1
22 539 1
22 462 1
22 920 1
22 200 1
22 613 1
22 753 1
22 851 1
22 602 1
22 383 1
22 932 1
22 712 1
521 78 1
521 92 1
521 260 1
521 353 1
521 383 1
521 444 1
521 964 1
521 824 1
521 636 1
521 979 1
484 16 1
484 35 1
484 83 1
484 885 1
484 921 1
952 16 1
952 109 1
952 342 1
952 353 1
952 444 1
952 597 1
952 745 1
952 814 1
952 957 1
952 991 1
920 16 1
920 39 1
920 92 1
920 203 1
920 229 1
920 394 1
920 457 1
920 484 1
920 487 1
920 537 1
920 545 1
920 878 1
920 885 1
920 928 1
920 932 1
30 16 1
30 453 1
30 439 1
30 260 1
30 593 1
30 952 1
30 897 1
30 354 1
30 449 1
30 967 1
30 30 1
30 792 1
30 545 1
30 72 1
30 78 1
30 899 1
30 856 1
39 16 1
39 897 1
39 521 1
39 354 1
39 79 1
39 388 1
39 347 1
39 81 1
39 83 1
39 924 1
39 604 1
39 704 1
39 78 1
39 613 1
39 953 1
39 487 1
55 16 1
55 452 1
55 899 1
55 900 1
55 484 1
55 996 1
55 612 1
55 189 1
55 353 1
55 360 1
55 885 1
55 439 1
590 16 1
590 137 1
590 383 1
590 439 1
590 484 1
590 547 1
590 946 1
590 964 1
590 952 1
590 855 1
590 753 1
78 16 1
78 55 1
78 354 1
78 900 1
78 952 1
78 487 1
78 466 1
78 137 1
78 977 1
78 946 1
78 988 1
78 897 1
78 547 1
78 590 1
78 713 1
78 418 1
78 353 1
78 483 1
78 722 1
78 613 1
78 189 1
78 450 1
83 21 1
83 547 1
83 957 1
83 229 1
83 753 1
83 203 1
83 260 1
83 336 1
83 660 1
83 977 1
618 16 1
618 39 1
618 54 1
618 212 1
618 260 1
618 347 1
618 388 1
618 400 1
618 484 1
618 996 1
618 713 1
189 27 1
189 30 1
189 108 1
189 109 1
189 137 1
189 636 1
189 900 1
189 957 1
189 418 1
189 996 1
189 874 1
189 453 1
189 442 1
189 747 1
713 54 1
713 203 1
713 229 1
713 514 1
713 612 1
713 713 1
713 899 1
713 932 1
713 957 1
753 54 1
753 353 1
753 360 1
753 618 1
753 671 1
753 952 1
753 885 1
360 72 1
360 79 1
360 137 1
360 894 1
360 545 1
360 517 1
360 824 1
360 388 1
360 553 1
360 953 1
360 920 1
360 885 1
360 400 1
360 439 1
360 542 1
360 655 1
874 16 1
874 72 1
874 92 1
874 281 1
874 384 1
874 400 1
874 450 1
874 545 1
874 612 1
874 618 1
874 656 1
874 785 1
932 16 1
932 353 1
932 360 1
932 400 1
932 602 1
932 636 1
932 888 1
932 996 1
957 16 1
957 203 1
957 247 1
957 374 1
957 388 1
957 418 1
957 444 1
957 487 1
957 874 1
957 900 1
957 920 1
450 16 1
450 444 1
450 470 1
336 16 1
336 80 1
336 85 1
336 158 1
336 302 1
336 333 1
336 512 1
336 668 1
336 700 1
336 390 1
336 393 1
336 965 1
577 17 1
577 41 1
577 44 1
577 67 1
577 159 1
577 206 1
577 310 1
577 328 1
577 396 1
577 778 1
577 619 1
577 867 1
158 101 1
158 666 1
158 501 1
158 910 1
158 433 1
158 758 1
158 334 1
158 807 1
158 983 1
158 302 1
158 937 1
158 335 1
158 376 1
158 374 1
158 326 1
158 564 1
158 724 1
158 765 1
158 323 1
804 205 1
804 302 1
804 331 1
804 362 1
804 376 1
804 724 1
804 737 1
804 758 1
804 760 1
505 53 1
505 158 1
505 176 1
505 201 1
505 211 1
505 265 1
505 268 1
505 286 1
505 313 1
505 387 1
505 391 1
505 724 1
505 840 1
505 904 1
505 703 1
505 929 1
505 666 1
505 717 1
505 966 1
505 890 1
505 539 1
348 17 1
348 323 1
348 535 1
348 737 1
348 840 1
348 807 1
348 482 1
33 342 1
33 505 1
33 231 1
33 407 1
33 574 1
33 66 1
33 393 1
342 21 1
342 52 1
342 149 1
342 155 1
342 169 1
342 330 1
342 409 1
342 444 1
479 95 1
479 355 1
479 360 1
479 693 1
479 970 1
479 666 1
261 149 1
261 756 1
261 703 1
261 650 1
261 820 1
261 338 1
261 356 1
261 937 1
261 835 1
268 158 1
268 176 1
268 207 1
268 247 1
268 574 1
268 807 1
268 955 1
268 387 1
268 886 1
268 752 1
268 524 1
268 338 1
268 406 1
374 17 1
374 95 1
374 173 1
374 207 1
374 268 1
374 362 1
374 678 1
374 737 1
231 17 1
231 52 1
231 155 1
231 201 1
231 724 1
231 501 1
231 966 1
231 763 1
231 976 1
231 330 1
231 355 1
231 904 1
322 268 1
322 737 1
322 666 1
322 955 1
322 338 1
370 95 1
370 176 1
370 207 1
370 268 1
370 505 1
666 80 1
666 172 1
666 329 1
666 334 1
666 369 1
666 374 1
666 376 1
666 381 1
666 386 1
666 535 1
666 752 1
666 973 1
666 890 1
666 668 1
666 678 1
666 724 1
155 149 1
155 793 1
155 921 1
155 878 1
155 668 1
155 169 1
155 211 1
155 329 1
155 355 1
323 201 1
323 205 1
323 236 1
323 286 1
323 302 1
323 322 1
323 717 1
323 763 1
323 323 1
323 807 1
323 505 1
323 955 1
323 749 1
323 726 1
323 335 1
323 511 1
323 376 1
323 412 1
323 362 1
323 523 1
323 336 1
323 387 1
270 18 1
270 240 1
270 258 1
270 539 1
270 693 1
270 799 1
270 832 1
270 648 1
270 798 1
270 621 1
270 725 1
270 905 1
270 962 1
270 315 1
270 415 1
270 823 1
18 674 1
18 620 1
18 682 1
18 293 1
18 843 1
18 384 1
18 70 1
18 936 1
845 18 1
845 27 1
845 228 1
845 240 1
845 243 1
845 389 1
845 457 1
845 539 1
845 556 1
845 601 1
845 658 1
845 660 1
845 722 1
845 972 1
620 38 1
620 70 1
620 102 1
620 294 1
620 319 1
620 449 1
620 568 1
620 577 1
620 704 1
620 687 1
620 969 1
293 32 1
293 464 1
293 725 1
293 457 1
293 815 1
293 567 1
293 519 1
293 556 1
293 640 1
293 768 1
293 876 1
293 884 1
519 18 1
519 68 1
519 168 1
519 225 1
519 278 1
519 576 1
519 656 1
519 972 1
519 620 1
519 530 1
384 283 1
384 294 1
384 774 1
384 559 1
384 767 1
384 930 1
384 951 1
70 648 1
70 798 1
70 970 1
70 975 1
70 198 1
70 583 1
70 789 1
936 32 1
936 270 1
936 519 1
936 623 1
936 799 1
936 832 1
936 884 1
947 18 1
947 434 1
947 661 1
947 849 1
947 896 1
330 18 1
330 162 1
330 179 1
330 224 1
330 236 1
330 286 1
330 329 1
330 412 1
330 334 1
330 840 1
330 923 1
330 677 1
330 335 1
330 724 1
330 411 1
330 331 1
513 18 1
513 74 1
513 138 1
513 150 1
513 651 1
513 603 1
513 733 1
513 589 1
513 579 1
513 647 1
19 265 1
19 678 1
19 158 1
19 286 1
19 791 1
19 116 1
19 700 1
19 236 1
19 903 1
265 33 1
265 80 1
265 155 1
265 558 1
265 268 1
265 678 1
265 411 1
265 737 1
265 286 1
265 811 1
265 840 1
265 355 1
265 931 1
678 184 1
678 205 1
678 313 1
678 330 1
678 331 1
678 370 1
678 387 1
678 412 1
678 955 1
678 949 1
678 943 1
678 724 1
678 904 1
402 19 1
402 149 1
402 331 1
402 763 1
402 949 1
286 205 1
286 512 1
286 717 1
286 724 1
286 355 1
286 929 1
355 19 1
355 201 1
355 218 1
355 261 1
355 313 1
355 668 1
355 906 1
355 749 1
355 791 1
355 820 1
355 363 1
355 890 1
791 205 1
791 391 1
791 393 1
791 402 1
791 777 1
791 876 1
791 820 1
95 19 1
95 886 1
95 406 1
95 672 1
95 313 1
95 322 1
95 983 1
95 890 1
95 242 1
535 19 1
535 102 1
535 207 1
535 265 1
535 326 1
535 331 1
535 397 1
535 448 1
535 512 1
535 921 1
535 706 1
535 730 1
535 776 1
535 937 1
700 66 1
700 158 1
700 207 1
700 243 1
700 250 1
700 255 1
700 261 1
700 323 1
700 342 1
700 348 1
700 370 1
700 376 1
700 402 1
700 476 1
700 479 1
700 505 1
700 512 1
700 515 1
700 536 1
700 666 1
700 668 1
700 677 1
700 749 1
700 983 1
700 807 1
700 763 1
700 937 1
700 724 1
700 891 1
236 80 1
236 169 1
236 173 1
236 179 1
236 717 1
236 820 1
236 700 1
236 397 1
236 286 1
236 382 1
236 313 1
236 840 1
236 331 1
236 983 1
903 64 1
903 95 1
903 158 1
903 230 1
903 338 1
903 355 1
903 409 1
903 469 1
903 515 1
903 522 1
903 700 1
903 826 1
903 890 1
903 910 1
589 19 1
589 88 1
589 124 1
589 139 1
589 150 1
589 266 1
589 436 1
589 819 1
589 891 1
113 20 1
113 441 1
113 257 1
113 889 1
113 909 1
113 250 1
113 842 1
113 872 1
113 366 1
113 985 1
20 532 1
20 641 1
20 935 1
20 431 1
20 20 1
20 311 1
20 578 1
20 120 1
20 684 1
20 990 1
532 71 1
532 139 1
532 197 1
532 311 1
532 520 1
532 588 1
532 888 1
532 580 1
532 837 1
532 685 1
532 711 1
56 20 1
56 26 1
56 658 1
56 799 1
56 311 1
56 986 1
56 532 1
56 580 1
56 935 1
56 684 1
56 705 1
56 711 1
935 256 1
935 269 1
935 312 1
935 449 1
935 480 1
935 506 1
935 516 1
935 555 1
935 983 1
958 20 1
958 23 1
958 106 1
958 343 1
958 529 1
958 540 1
958 698 1
958 962 1
431 256 1
431 311 1
431 335 1
431 516 1
431 555 1
431 565 1
431 500 1
818 20 1
818 106 1
818 151 1
818 222 1
818 251 1
818 256 1
818 269 1
818 500 1
818 522 1
818 681 1
818 837 1
311 23 1
311 251 1
311 269 1
311 520 1
311 346 1
311 311 1
311 990 1
311 451 1
311 506 1
311 410 1
578 451 1
578 459 1
578 471 1
578 540 1
578 591 1
578 578 1
578 684 1
438 20 1
438 106 1
438 137 1
438 765 1
438 935 1
438 681 1
438 641 1
438 578 1
438 739 1
438 699 1
438 711 1
438 990 1
438 883 1
990 56 1
990 251 1
990 269 1
990 471 1
990 533 1
990 555 1
990 634 1
990 685 1
990 698 1
990 705 1
990 813 1
990 887 1
990 958 1
500 20 1
500 71 1
500 120 1
500 197 1
500 269 1
500 480 1
500 641 1
500 699 1
500 578 1
500 690 1
500 516 1
500 888 1
228 21 1
228 190 1
228 650 1
228 675 1
228 440 1
228 725 1
228 583 1
228 350 1
228 870 1
228 380 1
228 324 1
228 566 1
228 747 1
228 270 1
228 794 1
21 521 1
21 462 1
21 487 1
21 602 1
21 39 1
21 55 1
21 899 1
21 946 1
21 957 1
462 189 1
462 213 1
462 229 1
462 643 1
462 713 1
462 590 1
487 54 1
487 189 1
487 271 1
487 306 1
487 449 1
487 453 1
487 466 1
487 613 1
487 713 1
487 932 1
487 593 1
487 666 1
602 54 1
602 78 1
602 92 1
602 203 1
602 442 1
602 593 1
602 658 1
545 21 1
545 72 1
545 109 1
545 189 1
545 203 1
545 444 1
545 517 1
545 967 1
545 553 1
545 927 1
545 988 1
545 590 1
545 613 1
200 21 1
200 932 1
200 444 1
200 521 1
200 613 1
200 596 1
200 957 1
200 449 1
200 207 1
899 39 1
899 78 1
899 79 1
899 83 1
899 96 1
899 189 1
899 222 1
899 444 1
899 547 1
899 758 1
899 777 1
899 907 1
946 57 1
946 79 1
946 81 1
946 360 1
946 450 1
946 470 1
946 874 1
539 136 1
539 216 1
539 228 1
539 357 1
539 389 1
539 403 1
539 435 1
539 541 1
539 658 1
539 568 1
539 635 1
539 704 1
539 693 1
539 623 1
539 628 1
539 799 1
324 22 1
324 258 1
324 543 1
324 601 1
324 656 1
324 572 1
324 635 1
324 980 1
613 54 1
613 55 1
613 83 1
613 92 1
613 189 1
613 353 1
613 361 1
613 383 1
613 400 1
613 424 1
613 874 1
613 753 1
613 900 1
613 985 1
613 636 1
613 885 1
613 982 1
927 22 1
927 35 1
927 79 1
927 83 1
927 189 1
927 200 1
927 203 1
927 444 1
927 590 1
927 874 1
636 22 1
636 39 1
636 78 1
636 79 1
636 109 1
636 360 1
636 449 1
636 470 1
636 553 1
636 585 1
636 899 1
636 885 1
851 59 1
851 267 1
851 317 1
851 426 1
851 456 1
851 503 1
851 672 1
851 806 1
885 22 1
885 30 1
885 177 1
885 260 1
885 353 1
885 444 1
885 462 1
885 504 1
885 593 1
885 602 1
885 874 1
885 900 1
383 55 1
383 78 1
383 417 1
383 907 1
383 445 1
383 437 1
383 932 1
383 442 1
383 444 1
383 864 1
977 22 1
977 30 1
977 160 1
977 341 1
977 440 1
977 449 1
977 517 1
977 593 1
977 636 1
977 713 1
977 874 1
977 924 1
977 977 1
466 22 1
466 124 1
466 165 1
466 400 1
466 439 1
466 885 1
466 957 1
466 924 1
466 672 1
712 151 1
712 195 1
712 287 1
712 427 1
712 499 1
712 514 1
712 816 1
712 997 1
197 23 1
197 171 1
197 191 1
197 705 1
197 346 1
197 480 1
197 578 1
729 431 1
729 724 1
624 311 1
624 443 1
624 500 1
624 506 1
624 813 1
624 684 1
624 714 1
685 23 1
685 459 1
685 471 1
685 684 1
318 104 1
318 245 1
318 301 1
318 782 1
318 332 1
318 999 1
318 842 1
540 56 1
540 251 1
540 311 1
540 431 1
540 438 1
540 451 1
540 459 1
540 475 1
540 480 1
540 500 1
540 520 1
540 533 1
540 884 1
540 544 1
540 540 1
540 962 1
540 624 1
540 565 1
540 714 1
540 705 1
540 685 1
540 975 1
540 690 1
985 104 1
985 234 1
985 274 1
985 305 1
985 318 1
985 366 1
985 367 1
985 420 1
985 441 1
985 467 1
985 523 1
985 701 1
985 759 1
985 770 1
985 872 1
985 911 1
153 24 1
153 529 1
153 473 1
153 542 1
153 425 1
153 975 1
62 24 1
62 917 1
62 425 1
62 142 1
62 89 1
62 153 1
62 938 1
62 472 1
62 62 1
62 542 1
62 361 1
62 304 1
62 281 1
62 595 1
31 123 1
31 529 1
31 534 1
31 542 1
31 343 1
31 210 1
31 595 1
31 89 1
89 24 1
89 420 1
89 468 1
89 142 1
89 296 1
89 194 1
89 210 1
89 472 1
89 107 1
89 760 1
89 364 1
282 107 1
282 156 1
282 194 1
282 529 1
282 436 1
282 361 1
472 128 1
472 153 1
472 210 1
472 463 1
472 639 1
472 872 1
472 534 1
472 595 1
472 734 1
25 25 1
25 119 1
25 567 1
25 60 1
530 25 1
530 198 1
530 209 1
530 409 1
530 415 1
530 465 1
530 586 1
530 650 1
530 541 1
530 567 1
530 648 1
530 747 1
119 57 1
119 70 1
119 788 1
119 743 1
119 539 1
119 543 1
119 435 1
119 228 1
119 331 1
491 25 1
491 327 1
491 525 1
491 539 1
491 576 1
491 628 1
491 975 1
732 25 1
732 102 1
732 190 1
732 319 1
732 327 1
732 572 1
732 658 1
586 25 1
586 258 1
586 389 1
586 487 1
586 539 1
586 571 1
586 876 1
586 762 1
586 614 1
586 658 1
802 25 1
802 136 1
802 344 1
802 449 1
802 494 1
802 506 1
802 660 1
802 693 1
802 784 1
567 70 1
567 219 1
567 243 1
567 258 1
567 263 1
567 276 1
567 345 1
567 471 1
567 488 1
567 505 1
567 543 1
567 876 1
567 567 1
567 620 1
567 972 1
567 901 1
567 809 1
567 802 1
648 25 1
648 216 1
648 258 1
648 546 1
648 657 1
648 650 1
648 802 1
563 43 1
563 63 1
563 116 1
563 127 1
563 163 1
563 557 1
563 563 1
563 960 1
563 936 1
563 818 1
659 40 1
659 86 1
659 116 1
659 125 1
659 444 1
659 604 1
659 836 1
633 76 1
633 836 1
633 878 1
63 43 1
63 279 1
63 549 1
63 561 1
63 836 1
63 806 1
63 363 1
63 116 1
63 736 1
821 86 1
821 116 1
821 279 1
821 458 1
821 561 1
821 604 1
821 685 1
821 736 1
86 878 1
86 90 1
86 605 1
86 409 1
549 26 1
549 37 1
549 40 1
549 43 1
549 143 1
549 248 1
549 279 1
549 549 1
549 633 1
549 848 1
549 588 1
549 604 1
127 26 1
127 116 1
127 821 1
561 116 1
561 279 1
561 659 1
561 604 1
561 633 1
561 588 1
561 882 1
561 836 1
561 922 1
848 37 1
848 43 1
848 86 1
848 143 1
848 312 1
848 385 1
848 736 1
848 878 1
37 26 1
37 279 1
37 821 1
37 398 1
37 561 1
37 359 1
605 43 1
605 127 1
605 279 1
605 349 1
605 458 1
605 531 1
605 549 1
605 561 1
605 591 1
605 836 1
605 878 1
605 659 1
605 617 1
605 736 1
605 633 1
605 854 1
359 26 1
359 43 1
359 225 1
359 355 1
359 617 1
359 605 1
359 848 1
359 633 1
359 472 1
904 205 1
904 218 1
904 313 1
904 335 1
904 407 1
904 726 1
904 791 1
904 793 1
904 810 1
904 840 1
904 955 1
904 937 1
904 910 1
27 551 1
27 152 1
27 252 1
27 972 1
27 674 1
27 614 1
27 543 1
27 32 1
27 68 1
27 675 1
27 676 1
27 168 1
27 693 1
27 344 1
583 27 1
583 30 1
583 32 1
583 308 1
583 327 1
583 567 1
583 572 1
583 995 1
583 612 1
488 27 1
488 525 1
488 530 1
488 621 1
488 656 1
488 849 1
488 612 1
152 716 1
152 416 1
304 27 1
304 77 1
304 190 1
304 567 1
304 650 1
304 661 1
614 434 1
614 558 1
614 567 1
614 704 1
614 903 1
614 648 1
543 32 1
543 177 1
543 252 1
543 539 1
543 845 1
543 675 1
543 576 1
543 635 1
543 620 1
543 640 1
543 905 1
543 969 1
543 843 1
543 568 1
543 642 1
675 32 1
675 94 1
675 225 1
675 350 1
675 403 1
675 435 1
675 496 1
675 539 1
675 564 1
675 568 1
675 656 1
675 744 1
675 706 1
676 173 1
676 324 1
676 327 1
676 614 1
676 642 1
676 650 1
676 656 1
676 675 1
676 693 1
676 853 1
168 32 1
168 77 1
168 621 1
168 168 1
168 640 1
168 437 1
168 315 1
168 658 1
168 415 1
168 576 1
168 971 1
168 177 1
168 214 1
168 327 1
168 714 1
168 869 1
693 293 1
693 373 1
693 380 1
693 546 1
693 564 1
693 571 1
693 675 1
693 980 1
693 901 1
693 916 1
693 843 1
693 984 1
693 794 1
693 744 1
693 876 1
258 27 1
258 541 1
258 568 1
258 642 1
258 601 1
258 373 1
258 798 1
258 975 1
258 571 1
258 620 1
258 488 1
258 516 1
258 760 1
258 327 1
258 457 1
344 57 1
344 175 1
344 220 1
344 327 1
344 541 1
344 722 1
344 437 1
344 732 1
344 885 1
632 28 1
632 121 1
632 223 1
632 246 1
632 384 1
632 548 1
632 850 1
632 864 1
632 965 1
632 637 1
632 691 1
28 528 1
28 839 1
28 485 1
28 240 1
28 195 1
637 28 1
637 121 1
637 246 1
637 281 1
637 283 1
637 616 1
637 635 1
637 789 1
637 774 1
637 862 1
637 864 1
637 930 1
637 691 1
528 65 1
528 303 1
528 448 1
528 803 1
528 653 1
528 806 1
528 879 1
942 28 1
942 151 1
942 793 1
839 422 1
839 696 1
839 882 1
882 28 1
882 65 1
882 248 1
882 295 1
882 426 1
882 447 1
882 721 1
882 786 1
59 28 1
59 528 1
59 560 1
59 644 1
59 425 1
59 172 1
59 822 1
416 28 1
416 193 1
416 212 1
416 249 1
416 267 1
416 355 1
416 668 1
416 479 1
416 803 1
416 822 1
416 447 1
416 485 1
416 816 1
416 833 1
416 742 1
669 28 1
669 130 1
669 275 1
669 290 1
669 291 1
669 292 1
669 295 1
669 956 1
669 863 1
669 721 1
669 852 1
669 889 1
669 787 1
195 30 1
195 172 1
195 851 1
195 783 1
195 447 1
195 852 1
195 887 1
195 956 1
195 303 1
195 499 1
195 341 1
195 696 1
195 427 1
195 358 1
195 918 1
195 339 1
195 266 1
195 277 1
195 835 1
195 879 1
195 913 1
816 28 1
816 226 1
816 277 1
816 348 1
816 602 1
816 694 1
816 723 1
816 728 1
816 750 1
816 972 1
816 863 1
816 854 1
429 28 1
429 126 1
429 368 1
429 630 1
429 757 1
429 766 1
429 712 1
429 854 1
29 772 1
29 551 1
29 38 1
29 722 1
29 328 1
994 29 1
994 67 1
994 316 1
994 550 1
994 615 1
994 616 1
994 619 1
994 650 1
994 691 1
132 29 1
132 43 1
132 550 1
132 339 1
132 551 1
132 280 1
132 507 1
132 880 1
132 867 1
132 183 1
132 217 1
38 340 1
38 867 1
38 339 1
38 775 1
38 209 1
38 44 1
38 41 1
38 772 1
38 161 1
38 145 1
598 29 1
598 53 1
598 209 1
598 284 1
598 310 1
598 339 1
598 577 1
598 731 1
598 645 1
598 720 1
288 29 1
288 217 1
288 680 1
288 778 1
288 288 1
288 465 1
288 856 1
339 29 1
339 41 1
339 44 1
339 79 1
339 735 1
339 778 1
339 880 1
453 353 1
453 521 1
453 957 1
453 927 1
439 35 1
439 96 1
439 109 1
439 137 1
439 266 1
439 323 1
439 613 1
439 618 1
439 462 1
439 946 1
439 470 1
439 444 1
260 72 1
260 636 1
260 991 1
260 613 1
260 260 1
260 824 1
388 30 1
388 83 1
388 92 1
388 328 1
388 612 1
388 932 1
388 439 1
964 30 1
964 39 1
964 78 1
964 200 1
964 608 1
964 712 1
897 55 1
897 439 1
897 444 1
897 623 1
897 713 1
897 932 1
897 957 1
96 30 1
96 92 1
96 94 1
96 482 1
96 932 1
96 957 1
96 449 1
354 88 1
354 109 1
354 613 1
354 618 1
354 636 1
354 696 1
449 78 1
449 245 1
449 347 1
449 545 1
967 79 1
967 203 1
967 257 1
967 353 1
967 590 1
967 662 1
792 130 1
792 421 1
792 499 1
792 646 1
792 652 1
792 769 1
792 779 1
792 787 1
792 925 1
792 851 1
72 977 1
72 353 1
72 369 1
81 30 1
81 78 1
81 79 1
81 439 1
81 96 1
81 205 1
81 189 1
81 353 1
81 977 1
353 30 1
353 54 1
353 83 1
353 258 1
353 462 1
353 977 1
353 934 1
194 31 1
194 62 1
194 107 1
194 128 1
194 142 1
194 153 1
194 534 1
194 463 1
194 926 1
194 496 1
194 210 1
194 472 1
297 31 1
297 175 1
297 246 1
297 268 1
297 659 1
297 548 1
297 875 1
759 31 1
759 149 1
759 167 1
759 520 1
319 192 1
319 278 1
319 543 1
319 693 1
319 784 1
319 969 1
980 218 1
980 541 1
980 567 1
980 657 1
980 802 1
45 32 1
45 519 1
45 781 1
45 571 1
45 845 1
45 614 1
45 48 1
45 693 1
45 732 1
45 794 1
45 315 1
566 70 1
566 168 1
566 374 1
566 656 1
566 621 1
566 675 1
566 754 1
566 886 1
136 41 1
136 102 1
136 300 1
136 656 1
136 794 1
136 972 1
136 901 1
136 844 1
136 214 1
136 327 1
136 857 1
136 851 1
884 32 1
884 60 1
884 144 1
884 214 1
884 278 1
884 327 1
884 539 1
884 567 1
884 623 1
884 660 1
884 815 1
884 832 1
389 32 1
389 134 1
389 190 1
389 744 1
389 389 1
389 635 1
389 571 1
389 674 1
389 598 1
389 645 1
389 984 1
607 32 1
607 138 1
607 162 1
607 309 1
607 371 1
607 401 1
607 410 1
607 545 1
607 579 1
327 32 1
327 77 1
327 134 1
327 159 1
327 177 1
327 240 1
327 519 1
327 620 1
327 928 1
327 661 1
327 682 1
327 650 1
327 494 1
327 635 1
327 539 1
327 601 1
327 511 1
327 455 1
327 750 1
327 947 1
810 33 1
810 155 1
810 166 1
810 169 1
810 179 1
810 230 1
810 301 1
810 331 1
810 333 1
810 398 1
810 402 1
810 573 1
810 677 1
810 697 1
810 726 1
810 747 1
810 961 1
810 903 1
468 33 1
468 179 1
468 201 1
468 205 1
468 668 1
468 700 1
468 717 1
468 937 1
468 517 1
407 326 1
407 356 1
407 358 1
407 397 1
407 402 1
407 826 1
407 717 1
407 407 1
407 966 1
407 535 1
407 749 1
407 713 1
407 923 1
407 468 1
407 711 1
237 33 1
237 84 1
237 213 1
237 985 1
237 345 1
237 865 1
237 963 1
237 800 1
237 387 1
237 410 1
574 230 1
574 302 1
574 331 1
574 393 1
574 398 1
574 406 1
574 411 1
574 469 1
574 501 1
574 505 1
574 820 1
574 921 1
574 677 1
574 943 1
574 730 1
574 840 1
393 84 1
393 207 1
393 265 1
393 322 1
393 338 1
393 370 1
393 824 1
393 776 1
34 128 1
34 142 1
34 529 1
34 153 1
34 156 1
34 834 1
34 463 1
34 210 1
760 34 1
760 42 1
760 62 1
760 425 1
760 534 1
760 595 1
834 368 1
834 401 1
834 421 1
834 477 1
834 701 1
834 854 1
35 45 1
35 991 1
35 449 1
35 242 1
35 618 1
35 977 1
991 72 1
991 83 1
991 418 1
991 693 1
178 35 1
178 78 1
178 92 1
178 373 1
178 613 1
178 618 1
178 200 1
178 790 1
178 885 1
178 388 1
178 932 1
178 977 1
950 35 1
950 279 1
950 295 1
950 360 1
950 899 1
950 920 1
950 952 1
950 977 1
536 50 1
536 89 1
536 185 1
536 337 1
536 596 1
536 954 1
536 853 1
536 671 1
773 36 1
773 232 1
773 241 1
773 544 1
773 649 1
773 708 1
773 726 1
773 812 1
364 36 1
364 299 1
364 478 1
649 36 1
649 73 1
649 125 1
649 129 1
649 135 1
649 232 1
649 254 1
649 440 1
649 796 1
99 36 1
99 597 1
99 157 1
99 174 1
99 99 1
99 232 1
99 272 1
166 36 1
166 110 1
166 129 1
166 135 1
166 708 1
166 232 1
166 853 1
166 939 1
166 454 1
166 671 1
166 434 1
166 745 1
166 247 1
166 796 1
254 47 1
254 105 1
254 597 1
254 631 1
254 582 1
254 939 1
254 552 1
254 745 1
254 317 1
254 796 1
254 853 1
254 892 1
398 82 1
398 95 1
398 179 1
398 207 1
398 265 1
398 330 1
398 331 1
398 374 1
398 776 1
398 505 1
398 535 1
398 903 1
398 973 1
398 923 1
398 840 1
398 823 1
398 549 1
736 37 1
736 40 1
736 43 1
736 86 1
736 116 1
736 127 1
736 172 1
736 180 1
736 196 1
736 279 1
736 349 1
736 359 1
736 531 1
736 549 1
736 617 1
736 633 1
736 659 1
736 878 1
340 53 1
340 242 1
340 288 1
340 304 1
340 743 1
340 619 1
340 615 1
340 994 1
867 112 1
867 145 1
867 209 1
867 284 1
867 550 1
867 743 1
867 994 1
867 877 1
775 67 1
775 288 1
775 396 1
775 550 1
775 577 1
775 719 1
775 727 1
743 38 1
743 132 1
743 179 1
161 115 1
161 827 1
161 871 1
161 382 1
161 320 1
161 680 1
161 987 1
145 67 1
145 720 1
145 727 1
145 216 1
145 833 1
159 38 1
159 67 1
159 797 1
159 310 1
159 598 1
159 867 1
159 995 1
159 994 1
159 609 1
221 38 1
221 132 1
221 775 1
221 284 1
221 551 1
221 645 1
507 38 1
507 41 1
507 159 1
507 239 1
507 259 1
507 981 1
507 551 1
507 772 1
507 751 1
507 888 1
79 590 1
79 953 1
79 504 1
79 900 1
79 950 1
79 450 1
79 991 1
79 920 1
79 521 1
79 394 1
79 439 1
79 354 1
79 487 1
79 178 1
79 229 1
79 885 1
79 612 1
79 445 1
79 644 1
79 906 1
79 200 1
79 932 1
79 442 1
347 78 1
347 388 1
347 442 1
347 545 1
347 354 1
347 907 1
347 488 1
547 39 1
547 127 1
547 354 1
547 521 1
547 845 1
547 907 1
547 705 1
924 203 1
924 353 1
924 360 1
924 439 1
924 517 1
924 590 1
924 602 1
924 847 1
924 907 1
924 946 1
924 952 1
704 165 1
704 228 1
704 640 1
704 650 1
704 722 1
704 896 1
704 904 1
94 39 1
94 54 1
94 83 1
94 209 1
94 487 1
94 466 1
94 453 1
94 988 1
94 612 1
94 613 1
94 885 1
94 977 1
953 81 1
953 253 1
953 353 1
953 417 1
953 590 1
953 678 1
841 39 1
841 126 1
841 130 1
841 195 1
841 244 1
841 295 1
841 688 1
841 803 1
40 830 1
40 604 1
40 578 1
40 43 1
40 848 1
40 42 1
588 40 1
588 116 1
588 196 1
588 279 1
588 363 1
588 848 1
588 659 1
657 40 1
657 168 1
657 556 1
657 587 1
657 635 1
657 640 1
657 849 1
657 676 1
864 40 1
864 183 1
864 408 1
864 430 1
864 548 1
864 559 1
864 610 1
864 656 1
864 686 1
864 691 1
864 746 1
864 774 1
864 951 1
864 982 1
864 965 1
864 953 1
615 41 1
615 44 1
615 262 1
615 288 1
615 388 1
615 465 1
615 474 1
615 495 1
615 731 1
615 645 1
245 42 1
245 84 1
245 859 1
245 881 1
245 377 1
245 464 1
202 42 1
202 679 1
202 414 1
202 889 1
202 395 1
202 510 1
202 701 1
202 569 1
202 829 1
202 831 1
202 915 1
104 414 1
104 199 1
104 467 1
104 417 1
104 184 1
104 701 1
104 829 1
104 366 1
104 441 1
914 300 1
914 320 1
914 420 1
914 502 1
914 510 1
914 753 1
914 894 1
914 968 1
859 72 1
859 91 1
859 238 1
859 253 1
859 274 1
859 357 1
859 397 1
859 558 1
859 895 1
859 985 1
859 937 1
345 42 1
345 199 1
345 227 1
345 234 1
345 305 1
345 756 1
345 395 1
345 464 1
345 390 1
414 213 1
414 224 1
414 756 1
414 860 1
915 43 1
915 199 1
915 253 1
915 436 1
915 756 1
915 785 1
915 872 1
915 985 1
915 966 1
257 42 1
257 199 1
257 255 1
257 756 1
257 257 1
257 881 1
257 817 1
257 895 1
257 395 1
257 829 1
257 889 1
257 420 1
257 489 1
187 42 1
187 104 1
187 441 1
187 915 1
187 785 1
187 414 1
187 202 1
187 274 1
187 689 1
187 237 1
187 989 1
187 701 1
187 255 1
187 770 1
187 467 1
187 985 1
805 184 1
805 199 1
805 234 1
805 289 1
805 305 1
805 441 1
805 464 1
805 829 1
894 213 1
894 224 1
894 227 1
894 235 1
894 237 1
894 257 1
894 314 1
894 380 1
894 404 1
894 420 1
894 477 1
894 860 1
894 963 1
894 894 1
860 130 1
860 214 1
860 237 1
860 305 1
860 332 1
860 367 1
860 395 1
860 496 1
860 666 1
860 756 1
860 859 1
860 873 1
860 911 1
860 868 1
860 872 1
860 948 1
404 345 1
404 366 1
404 716 1
404 895 1
404 528 1
404 443 1
404 597 1
467 42 1
467 84 1
467 113 1
467 123 1
467 224 1
467 245 1
467 756 1
467 764 1
467 805 1
467 467 1
467 504 1
238 42 1
238 84 1
238 184 1
238 224 1
238 496 1
238 718 1
238 253 1
238 428 1
238 501 1
238 756 1
238 829 1
238 985 1
420 42 1
420 113 1
420 199 1
420 213 1
420 234 1
420 253 1
420 889 1
420 467 1
420 689 1
420 452 1
420 428 1
420 663 1
987 42 1
987 224 1
987 245 1
987 377 1
987 764 1
987 800 1
987 805 1
987 829 1
987 894 1
987 968 1
443 332 1
443 367 1
443 846 1
443 968 1
443 985 1
443 489 1
940 113 1
940 237 1
940 332 1
940 366 1
940 716 1
940 959 1
770 42 1
770 283 1
770 300 1
770 464 1
770 510 1
770 690 1
770 756 1
770 800 1
770 865 1
909 42 1
909 255 1
909 301 1
909 305 1
909 367 1
909 377 1
909 689 1
909 756 1
909 770 1
909 800 1
909 881 1
909 968 1
909 985 1
959 84 1
959 113 1
959 187 1
959 235 1
959 237 1
959 257 1
959 357 1
959 366 1
959 464 1
959 489 1
959 718 1
959 805 1
959 859 1
959 894 1
959 895 1
959 909 1
959 915 1
959 948 1
627 131 1
627 523 1
627 912 1
627 627 1
627 937 1
627 889 1
101 42 1
101 51 1
101 527 1
101 424 1
101 735 1
101 271 1
101 237 1
305 42 1
305 191 1
305 199 1
305 235 1
305 245 1
305 250 1
305 817 1
305 318 1
305 968 1
305 894 1
305 889 1
305 357 1
305 441 1
305 764 1
305 987 1
305 692 1
395 42 1
395 104 1
395 366 1
395 829 1
395 894 1
395 998 1
395 693 1
395 545 1
395 985 1
395 757 1
395 934 1
930 42 1
930 246 1
930 281 1
930 290 1
930 616 1
930 691 1
930 746 1
930 771 1
930 864 1
930 930 1
670 44 1
670 209 1
670 280 1
670 477 1
670 615 1
670 979 1
262 44 1
262 67 1
262 84 1
262 112 1
262 145 1
262 221 1
262 340 1
262 316 1
262 999 1
262 465 1
262 551 1
262 727 1
796 44 1
796 50 1
796 129 1
796 163 1
796 299 1
796 307 1
796 536 1
796 538 1
796 552 1
796 597 1
796 627 1
796 667 1
796 671 1
796 692 1
796 702 1
796 796 1
796 892 1
796 812 1
796 954 1
796 852 1
480 46 1
480 182 1
480 451 1
480 634 1
480 641 1
480 913 1
546 45 1
546 136 1
546 243 1
546 293 1
546 564 1
546 947 1
546 635 1
546 568 1
546 905 1
781 122 1
781 488 1
781 541 1
781 571 1
781 621 1
781 642 1
781 648 1
571 48 1
571 57 1
571 457 1
571 541 1
571 568 1
571 980 1
571 621 1
57 45 1
57 619 1
57 558 1
57 567 1
57 676 1
57 440 1
57 784 1
57 525 1
57 134 1
57 614 1
57 240 1
57 802 1
57 845 1
57 972 1
278 45 1
278 60 1
278 134 1
278 558 1
278 620 1
278 650 1
278 725 1
278 311 1
278 961 1
798 45 1
798 68 1
798 216 1
798 732 1
798 734 1
798 936 1
380 45 1
380 152 1
380 225 1
380 239 1
380 243 1
380 263 1
380 327 1
380 556 1
380 567 1
380 623 1
380 564 1
380 583 1
380 849 1
380 947 1
380 620 1
380 519 1
380 802 1
380 870 1
380 661 1
380 747 1
380 530 1
380 838 1
380 799 1
380 889 1
380 415 1
451 46 1
451 106 1
451 222 1
451 555 1
451 729 1
471 120 1
471 197 1
471 269 1
471 438 1
471 540 1
471 818 1
471 681 1
471 634 1
471 480 1
471 910 1
471 500 1
471 506 1
533 46 1
533 256 1
533 275 1
533 438 1
533 837 1
533 624 1
533 705 1
459 346 1
459 809 1
459 580 1
459 962 1
459 711 1
459 555 1
459 520 1
459 729 1
459 475 1
681 46 1
681 188 1
681 214 1
681 506 1
681 532 1
681 565 1
681 578 1
714 56 1
714 106 1
714 227 1
714 438 1
714 520 1
714 681 1
714 684 1
714 698 1
714 699 1
714 871 1
714 764 1
714 986 1
714 818 1
317 46 1
317 172 1
317 189 1
317 277 1
317 322 1
317 683 1
317 712 1
317 723 1
317 762 1
317 492 1
317 854 1
317 665 1
317 707 1
317 499 1
317 405 1
317 816 1
317 674 1
954 47 1
954 99 1
954 105 1
954 232 1
954 455 1
954 582 1
241 47 1
241 73 1
241 129 1
241 157 1
241 174 1
241 216 1
241 745 1
241 272 1
241 455 1
241 498 1
241 708 1
241 241 1
241 372 1
241 880 1
241 629 1
241 461 1
129 47 1
129 575 1
129 597 1
129 708 1
129 745 1
129 247 1
129 811 1
606 47 1
606 232 1
606 337 1
606 455 1
606 536 1
606 538 1
606 552 1
606 597 1
606 631 1
606 667 1
596 47 1
596 241 1
596 478 1
596 692 1
596 710 1
596 597 1
596 666 1
702 185 1
702 241 1
702 608 1
478 47 1
478 140 1
478 232 1
478 239 1
478 254 1
478 571 1
478 573 1
478 768 1
582 47 1
582 90 1
582 125 1
582 185 1
582 232 1
582 299 1
582 454 1
582 536 1
582 608 1
582 968 1
638 90 1
638 110 1
638 185 1
638 272 1
638 472 1
638 543 1
638 544 1
638 783 1
638 796 1
283 96 1
283 121 1
283 175 1
283 220 1
283 246 1
283 281 1
283 294 1
283 864 1
283 616 1
283 632 1
283 664 1
283 930 1
283 951 1
575 165 1
575 185 1
575 461 1
575 498 1
575 957 1
575 954 1
575 768 1
575 692 1
575 617 1
671 73 1
671 107 1
671 165 1
671 241 1
671 247 1
671 279 1
671 299 1
671 597 1
671 702 1
671 773 1
671 671 1
671 719 1
671 721 1
811 50 1
811 142 1
811 165 1
811 185 1
811 271 1
811 597 1
811 631 1
811 708 1
811 812 1
564 48 1
564 280 1
564 327 1
564 494 1
564 519 1
564 539 1
564 541 1
564 648 1
564 845 1
564 794 1
134 556 1
134 901 1
134 675 1
134 685 1
134 693 1
134 726 1
837 522 1
837 540 1
837 580 1
837 591 1
837 711 1
837 864 1
808 49 1
808 215 1
808 382 1
808 989 1
855 140 1
855 343 1
855 531 1
855 611 1
855 629 1
855 643 1
855 679 1
97 49 1
97 343 1
97 382 1
97 97 1
97 611 1
97 385 1
115 49 1
115 524 1
115 788 1
115 643 1
115 741 1
115 424 1
115 157 1
115 639 1
115 902 1
115 148 1
115 446 1
180 49 1
180 123 1
180 643 1
180 814 1
180 963 1
180 186 1
180 890 1
584 49 1
584 85 1
584 115 1
584 204 1
584 246 1
584 382 1
584 424 1
584 788 1
584 585 1
584 594 1
584 629 1
446 123 1
446 352 1
446 594 1
446 629 1
446 680 1
446 511 1
815 49 1
815 57 1
815 270 1
815 525 1
483 50 1
483 85 1
483 352 1
483 378 1
483 584 1
483 629 1
483 902 1
483 828 1
160 135 1
160 597 1
160 608 1
160 671 1
160 185 1
160 745 1
160 272 1
160 853 1
692 50 1
692 90 1
692 241 1
692 597 1
692 608 1
692 702 1
692 768 1
573 50 1
573 91 1
573 166 1
573 307 1
573 552 1
573 751 1
573 768 1
573 597 1
573 745 1
381 50 1
381 211 1
381 322 1
381 512 1
381 730 1
135 73 1
135 687 1
135 885 1
135 638 1
135 608 1
135 573 1
135 321 1
135 671 1
163 55 1
163 91 1
163 541 1
163 671 1
163 710 1
163 232 1
163 427 1
809 51 1
809 97 1
809 161 1
809 192 1
809 524 1
809 629 1
809 741 1
809 902 1
809 866 1
379 85 1
379 136 1
379 140 1
379 192 1
379 204 1
379 524 1
379 679 1
379 643 1
379 902 1
379 772 1
554 51 1
554 85 1
554 120 1
554 154 1
554 379 1
554 524 1
554 809 1
554 828 1
192 51 1
192 101 1
192 108 1
192 827 1
192 343 1
192 352 1
192 884 1
892 51 1
892 165 1
892 174 1
892 272 1
892 309 1
892 573 1
892 757 1
592 130 1
592 195 1
592 199 1
592 212 1
592 341 1
592 392 1
592 485 1
592 669 1
592 961 1
592 816 1
982 208 1
982 371 1
982 518 1
982 746 1
440 51 1
440 525 1
440 650 1
440 693 1
889 52 1
889 199 1
889 213 1
889 235 1
889 237 1
889 239 1
889 250 1
889 367 1
889 496 1
889 684 1
889 756 1
889 800 1
889 817 1
889 842 1
889 846 1
889 872 1
889 963 1
889 915 1
52 355 1
52 265 1
52 906 1
52 496 1
52 149 1
52 793 1
52 810 1
52 903 1
512 52 1
512 205 1
512 268 1
512 398 1
512 469 1
512 500 1
906 158 1
906 201 1
906 207 1
906 323 1
906 407 1
906 468 1
906 673 1
906 692 1
673 52 1
673 158 1
673 265 1
673 326 1
673 331 1
673 376 1
673 397 1
673 505 1
673 515 1
673 697 1
673 974 1
673 955 1
673 937 1
673 688 1
673 826 1
673 840 1
673 962 1
793 66 1
793 169 1
793 236 1
793 321 1
793 329 1
793 342 1
793 369 1
793 501 1
793 512 1
793 706 1
793 776 1
793 983 1
793 804 1
793 793 1
793 807 1
793 943 1
793 903 1
793 923 1
460 52 1
460 147 1
460 158 1
460 231 1
460 286 1
460 335 1
460 336 1
460 355 1
460 376 1
460 390 1
460 672 1
460 840 1
460 479 1
460 784 1
460 729 1
53 339 1
53 209 1
53 880 1
53 577 1
53 670 1
53 69 1
53 551 1
53 779 1
53 112 1
53 206 1
53 507 1
53 270 1
550 53 1
550 242 1
550 262 1
550 453 1
550 719 1
550 645 1
550 670 1
550 801 1
550 615 1
550 976 1
550 558 1
880 209 1
880 242 1
880 284 1
880 316 1
880 490 1
880 550 1
880 995 1
880 999 1
779 212 1
779 226 1
779 248 1
779 277 1
779 287 1
779 290 1
779 295 1
779 392 1
779 426 1
779 456 1
779 485 1
779 562 1
779 719 1
779 934 1
779 839 1
779 856 1
779 822 1
779 816 1
779 918 1
112 797 1
112 396 1
112 112 1
112 145 1
112 414 1
112 209 1
112 734 1
112 500 1
112 688 1
112 447 1
206 96 1
206 396 1
206 880 1
206 981 1
206 731 1
206 778 1
274 104 1
274 199 1
274 264 1
274 756 1
274 805 1
274 968 1
504 189 1
504 260 1
504 360 1
504 439 1
504 590 1
504 953 1
721 54 1
721 151 1
721 290 1
721 341 1
721 514 1
721 875 1
721 762 1
721 863 1
721 748 1
721 945 1
721 757 1
92 54 1
92 78 1
92 967 1
92 418 1
92 998 1
92 203 1
92 353 1
418 54 1
418 79 1
418 94 1
418 383 1
418 539 1
418 545 1
418 439 1
418 444 1
418 977 1
418 487 1
996 78 1
996 94 1
996 393 1
996 613 1
996 636 1
996 885 1
996 902 1
996 946 1
87 55 1
87 61 1
87 74 1
87 90 1
87 259 1
87 819 1
87 87 1
87 410 1
87 100 1
87 655 1
87 497 1
87 182 1
87 146 1
87 600 1
87 858 1
87 162 1
658 60 1
658 117 1
658 219 1
658 276 1
658 327 1
658 344 1
658 435 1
658 572 1
658 623 1
658 984 1
658 815 1
658 969 1
658 748 1
658 947 1
188 56 1
188 438 1
188 699 1
188 289 1
188 986 1
986 197 1
986 459 1
986 641 1
986 699 1
986 705 1
986 962 1
902 56 1
902 192 1
902 403 1
902 417 1
902 611 1
902 679 1
902 808 1
902 871 1
619 67 1
619 119 1
619 159 1
619 284 1
619 477 1
619 797 1
784 214 1
784 568 1
784 572 1
784 650 1
784 687 1
784 893 1
784 843 1
144 57 1
144 68 1
144 458 1
144 567 1
144 609 1
144 650 1
144 371 1
144 228 1
144 258 1
144 794 1
144 373 1
144 901 1
876 57 1
876 270 1
876 491 1
876 576 1
876 901 1
58 312 1
58 790 1
58 695 1
58 861 1
58 118 1
58 780 1
58 58 1
58 481 1
58 587 1
58 580 1
58 413 1
58 933 1
58 508 1
58 232 1
695 89 1
695 98 1
695 118 1
695 141 1
695 231 1
695 624 1
695 654 1
695 780 1
695 933 1
695 715 1
695 695 1
695 861 1
695 740 1
695 862 1
861 93 1
861 98 1
861 122 1
861 141 1
861 526 1
861 643 1
861 663 1
780 93 1
780 98 1
780 271 1
780 306 1
780 400 1
780 508 1
780 526 1
780 607 1
780 715 1
780 780 1
780 868 1
375 58 1
375 375 1
375 654 1
375 481 1
375 740 1
481 93 1
481 276 1
481 312 1
481 523 1
481 933 1
481 861 1
481 540 1
481 962 1
131 58 1
131 993 1
131 780 1
131 663 1
131 731 1
131 933 1
131 715 1
131 508 1
587 99 1
587 125 1
587 135 1
587 163 1
587 166 1
587 247 1
587 364 1
587 538 1
587 544 1
587 608 1
587 671 1
587 702 1
587 812 1
98 58 1
98 93 1
98 508 1
98 312 1
98 740 1
98 413 1
103 58 1
103 98 1
103 790 1
103 861 1
103 715 1
103 621 1
103 413 1
103 959 1
493 59 1
493 805 1
493 560 1
493 816 1
493 822 1
351 59 1
351 130 1
351 156 1
351 226 1
351 682 1
351 762 1
351 997 1
130 59 1
130 65 1
130 350 1
130 630 1
130 447 1
130 783 1
130 931 1
130 151 1
130 941 1
130 683 1
130 839 1
130 423 1
130 522 1
130 646 1
130 721 1
130 822 1
130 401 1
172 61 1
172 528 1
172 779 1
172 485 1
172 997 1
172 712 1
172 514 1
172 766 1
172 694 1
172 312 1
172 358 1
172 368 1
171 59 1
171 65 1
171 126 1
171 130 1
171 925 1
171 997 1
171 368 1
171 705 1
171 721 1
171 822 1
171 931 1
822 167 1
822 290 1
822 432 1
822 456 1
822 465 1
822 639 1
822 766 1
822 944 1
822 887 1
822 863 1
386 59 1
386 172 1
386 193 1
386 317 1
386 887 1
386 742 1
386 653 1
386 918 1
386 646 1
386 871 1
979 59 1
979 64 1
979 195 1
979 386 1
979 422 1
979 482 1
979 492 1
979 540 1
979 570 1
979 646 1
979 662 1
979 696 1
979 834 1
979 882 1
979 883 1
857 60 1
857 457 1
857 491 1
857 525 1
857 567 1
857 601 1
857 687 1
857 884 1
928 102 1
928 113 1
928 258 1
928 568 1
385 152 1
385 216 1
385 225 1
385 258 1
385 502 1
385 556 1
385 583 1
385 628 1
385 403 1
849 68 1
849 556 1
849 609 1
849 628 1
849 635 1
849 650 1
198 60 1
198 308 1
198 845 1
198 543 1
198 444 1
198 327 1
803 157 1
803 167 1
803 429 1
803 644 1
803 739 1
803 757 1
61 626 1
61 858 1
61 75 1
61 114 1
61 651 1
61 863 1
819 61 1
819 64 1
819 124 1
819 215 1
819 410 1
819 461 1
819 497 1
819 579 1
819 603 1
819 651 1
819 847 1
647 61 1
647 133 1
647 259 1
647 461 1
647 600 1
647 603 1
647 785 1
647 819 1
626 114 1
626 124 1
626 125 1
626 133 1
626 138 1
626 162 1
626 579 1
626 581 1
626 607 1
626 626 1
626 647 1
600 61 1
600 74 1
600 88 1
600 100 1
600 133 1
600 139 1
600 146 1
600 182 1
600 360 1
600 461 1
600 509 1
600 600 1
600 883 1
600 626 1
74 61 1
74 266 1
74 733 1
74 626 1
74 133 1
461 61 1
461 88 1
461 124 1
461 182 1
461 266 1
461 581 1
461 513 1
461 607 1
858 124 1
858 133 1
858 138 1
858 162 1
858 266 1
858 373 1
858 410 1
858 436 1
858 513 1
858 579 1
858 581 1
858 626 1
858 819 1
579 61 1
579 124 1
579 139 1
579 163 1
579 182 1
579 436 1
579 581 1
579 600 1
139 61 1
139 74 1
139 124 1
139 133 1
139 626 1
139 497 1
139 770 1
139 872 1
139 410 1
75 187 1
75 194 1
75 655 1
75 600 1
75 733 1
75 88 1
75 603 1
75 626 1
75 138 1
75 162 1
82 61 1
82 67 1
82 139 1
82 819 1
82 607 1
82 513 1
82 88 1
82 138 1
82 485 1
82 124 1
114 74 1
114 82 1
114 88 1
114 309 1
114 579 1
114 139 1
651 75 1
651 82 1
651 84 1
651 87 1
651 146 1
651 259 1
651 266 1
651 579 1
651 581 1
651 858 1
651 779 1
65 61 1
65 721 1
65 401 1
65 514 1
65 944 1
65 739 1
65 295 1
65 852 1
65 416 1
65 485 1
863 195 1
863 234 1
863 528 1
863 806 1
863 879 1
863 869 1
863 945 1
917 142 1
917 296 1
917 463 1
917 472 1
917 595 1
917 760 1
917 789 1
361 194 1
361 280 1
361 534 1
281 183 1
281 780 1
281 518 1
281 281 1
281 746 1
281 620 1
281 559 1
281 862 1
281 864 1
281 616 1
281 384 1
281 295 1
965 62 1
965 122 1
965 175 1
965 297 1
965 371 1
965 691 1
965 875 1
965 930 1
806 288 1
806 386 1
806 423 1
806 490 1
806 499 1
806 759 1
806 786 1
806 792 1
806 913 1
806 918 1
806 847 1
64 610 1
64 266 1
64 162 1
64 626 1
64 124 1
64 138 1
64 651 1
64 410 1
610 121 1
610 122 1
610 175 1
610 281 1
610 294 1
610 297 1
610 353 1
610 384 1
610 408 1
610 430 1
610 518 1
610 559 1
610 989 1
610 937 1
610 746 1
610 875 1
610 965 1
610 637 1
610 616 1
610 632 1
610 686 1
610 610 1
266 88 1
266 124 1
266 139 1
266 146 1
266 162 1
266 182 1
266 213 1
266 323 1
266 581 1
266 607 1
266 705 1
266 429 1
569 64 1
569 124 1
569 146 1
569 266 1
569 600 1
569 569 1
569 781 1
569 858 1
436 64 1
436 87 1
436 174 1
436 309 1
436 376 1
436 412 1
162 121 1
162 150 1
162 579 1
162 581 1
162 603 1
162 410 1
162 819 1
162 259 1
891 64 1
891 106 1
891 124 1
891 162 1
891 579 1
891 581 1
891 600 1
891 626 1
891 733 1
891 819 1
891 847 1
891 858 1
124 74 1
124 87 1
124 114 1
124 994 1
124 309 1
124 513 1
124 733 1
124 651 1
124 410 1
124 847 1
124 581 1
124 259 1
124 146 1
124 150 1
124 436 1
124 387 1
124 647 1
138 87 1
138 114 1
138 524 1
138 569 1
138 600 1
138 182 1
150 64 1
150 87 1
150 88 1
150 133 1
150 138 1
150 600 1
150 213 1
150 182 1
410 82 1
410 259 1
410 266 1
410 513 1
410 589 1
410 461 1
410 626 1
410 891 1
410 651 1
410 436 1
410 581 1
410 647 1
410 681 1
248 65 1
248 195 1
248 216 1
248 514 1
248 416 1
248 303 1
248 883 1
248 956 1
248 646 1
248 833 1
248 422 1
248 287 1
248 405 1
248 769 1
248 292 1
401 171 1
401 295 1
401 881 1
401 803 1
401 882 1
401 712 1
401 759 1
944 244 1
944 295 1
944 341 1
944 779 1
739 287 1
739 366 1
739 485 1
739 560 1
769 65 1
769 151 1
769 172 1
769 485 1
769 492 1
769 514 1
769 535 1
769 683 1
769 766 1
769 913 1
769 822 1
295 151 1
295 195 1
295 528 1
295 748 1
295 918 1
295 448 1
295 422 1
852 130 1
852 223 1
852 652 1
852 823 1
934 65 1
934 275 1
934 303 1
934 721 1
482 65 1
482 233 1
482 292 1
482 386 1
482 762 1
482 779 1
482 913 1
921 66 1
921 230 1
921 390 1
921 398 1
921 402 1
921 411 1
921 672 1
921 724 1
921 758 1
706 256 1
706 286 1
706 678 1
923 66 1
923 201 1
923 231 1
923 391 1
923 677 1
923 807 1
923 871 1
923 904 1
923 974 1
923 983 1
477 67 1
477 69 1
477 114 1
477 332 1
477 880 1
747 68 1
747 190 1
747 243 1
747 385 1
747 567 1
747 576 1
747 583 1
747 658 1
747 945 1
303 68 1
303 223 1
303 251 1
303 295 1
303 736 1
303 695 1
303 423 1
303 413 1
754 136 1
754 155 1
754 168 1
754 228 1
754 243 1
754 258 1
754 270 1
754 324 1
754 657 1
754 722 1
754 723 1
754 802 1
754 870 1
754 936 1
754 893 1
754 947 1
239 577 1
239 615 1
239 880 1
239 280 1
239 495 1
239 738 1
239 241 1
489 70 1
489 305 1
489 894 1
489 764 1
71 522 1
71 540 1
71 813 1
71 311 1
71 958 1
71 887 1
71 935 1
71 475 1
71 761 1
555 71 1
555 256 1
555 438 1
555 480 1
555 484 1
555 540 1
555 978 1
555 705 1
887 172 1
887 285 1
887 562 1
887 769 1
475 106 1
475 273 1
475 681 1
475 714 1
475 685 1
475 698 1
475 533 1
475 516 1
475 978 1
203 72 1
203 94 1
203 445 1
203 996 1
203 276 1
203 885 1
203 907 1
203 442 1
445 72 1
445 246 1
445 547 1
445 612 1
445 874 1
445 907 1
445 946 1
445 462 1
369 124 1
369 158 1
369 179 1
369 330 1
369 574 1
369 904 1
369 983 1
369 516 1
498 73 1
498 91 1
498 135 1
498 307 1
498 364 1
498 608 1
498 538 1
498 545 1
497 74 1
497 124 1
497 162 1
497 266 1
497 667 1
497 513 1
497 603 1
733 138 1
733 410 1
733 461 1
733 497 1
133 75 1
133 100 1
133 114 1
133 124 1
133 509 1
133 436 1
133 589 1
133 146 1
133 345 1
133 410 1
133 461 1
133 497 1
133 779 1
931 74 1
931 181 1
931 185 1
931 193 1
931 287 1
931 426 1
931 485 1
931 490 1
931 560 1
931 742 1
931 792 1
931 879 1
655 139 1
655 162 1
655 182 1
655 259 1
655 402 1
655 410 1
655 626 1
655 651 1
655 655 1
655 891 1
847 75 1
847 88 1
847 100 1
847 139 1
847 146 1
847 162 1
847 259 1
847 410 1
847 607 1
847 611 1
847 733 1
421 75 1
421 134 1
421 263 1
421 305 1
421 560 1
421 721 1
421 787 1
421 913 1
421 944 1
421 739 1
421 482 1
88 309 1
88 133 1
88 162 1
88 626 1
88 603 1
88 858 1
88 124 1
88 182 1
603 87 1
603 124 1
603 265 1
603 410 1
603 581 1
603 600 1
603 687 1
603 626 1
146 75 1
146 82 1
146 246 1
146 647 1
146 146 1
146 259 1
146 607 1
146 837 1
146 182 1
727 141 1
727 348 1
727 474 1
727 719 1
727 994 1
727 734 1
219 77 1
219 119 1
219 252 1
219 350 1
219 648 1
219 240 1
219 799 1
219 327 1
219 901 1
376 265 1
376 322 1
376 329 1
376 333 1
376 338 1
376 342 1
376 348 1
376 515 1
376 677 1
376 840 1
376 412 1
376 737 1
376 574 1
376 776 1
376 974 1
376 934 1
376 387 1
376 391 1
376 398 1
376 937 1
376 431 1
415 77 1
415 134 1
415 144 1
415 252 1
415 308 1
415 327 1
415 385 1
415 567 1
415 884 1
415 969 1
415 586 1
415 488 1
415 975 1
415 571 1
415 676 1
415 801 1
415 766 1
415 792 1
234 78 1
234 202 1
234 756 1
234 948 1
234 234 1
234 305 1
234 829 1
234 910 1
553 78 1
553 189 1
553 383 1
553 400 1
553 444 1
553 450 1
553 900 1
553 967 1
553 613 1
553 618 1
137 79 1
137 96 1
137 645 1
137 636 1
137 964 1
137 977 1
137 695 1
137 353 1
137 932 1
907 78 1
907 83 1
907 353 1
907 453 1
907 957 1
164 78 1
164 294 1
164 297 1
164 850 1
164 610 1
164 625 1
164 930 1
164 208 1
164 951 1
164 774 1
164 965 1
164 664 1
164 702 1
164 686 1
164 175 1
164 456 1
109 79 1
109 704 1
109 517 1
109 553 1
109 613 1
109 899 1
109 137 1
109 229 1
109 932 1
442 92 1
442 360 1
442 964 1
511 176 1
511 574 1
511 666 1
511 793 1
511 840 1
511 966 1
511 737 1
763 176 1
763 211 1
763 538 1
763 678 1
763 697 1
313 946 1
313 668 1
313 765 1
313 638 1
313 330 1
509 82 1
509 182 1
509 410 1
509 847 1
509 603 1
752 82 1
752 205 1
752 668 1
752 700 1
752 752 1
752 943 1
182 82 1
182 100 1
182 133 1
182 162 1
182 410 1
182 891 1
182 587 1
255 113 1
255 250 1
255 756 1
255 971 1
255 672 1
255 860 1
255 881 1
255 380 1
255 560 1
895 187 1
895 219 1
895 238 1
895 245 1
895 305 1
895 464 1
895 496 1
184 84 1
184 305 1
184 414 1
184 224 1
184 234 1
184 859 1
184 872 1
184 985 1
184 488 1
253 213 1
253 224 1
253 235 1
253 255 1
253 895 1
253 253 1
253 332 1
253 894 1
253 985 1
971 199 1
971 889 1
782 84 1
782 235 1
782 245 1
782 250 1
782 264 1
782 633 1
782 800 1
718 84 1
718 113 1
718 199 1
718 301 1
718 318 1
718 366 1
718 377 1
718 452 1
718 464 1
718 489 1
718 496 1
718 829 1
718 764 1
718 889 1
250 84 1
250 187 1
250 202 1
250 234 1
250 718 1
250 829 1
250 264 1
250 441 1
250 420 1
250 971 1
250 282 1
250 515 1
250 366 1
250 909 1
250 443 1
250 968 1
250 467 1
409 173 1
409 176 1
409 330 1
409 921 1
409 906 1
409 479 1
409 886 1
259 100 1
259 461 1
259 569 1
259 259 1
259 294 1
259 603 1
309 87 1
309 139 1
309 150 1
309 182 1
309 589 1
309 513 1
309 579 1
309 626 1
100 569 1
100 589 1
100 233 1
100 124 1
100 410 1
233 89 1
233 172 1
233 181 1
233 309 1
233 646 1
233 665 1
233 956 1
233 792 1
233 851 1
233 941 1
877 89 1
877 195 1
877 514 1
877 749 1
877 816 1
929 90 1
929 95 1
929 205 1
929 323 1
929 376 1
929 515 1
929 746 1
929 903 1
337 91 1
337 166 1
337 232 1
337 241 1
337 969 1
337 538 1
337 544 1
337 575 1
337 671 1
337 853 1
490 181 1
490 195 1
490 399 1
490 721 1
490 786 1
526 93 1
526 211 1
526 302 1
526 306 1
526 523 1
526 526 1
526 654 1
526 933 1
526 959 1
306 93 1
306 221 1
306 271 1
306 312 1
306 709 1
306 413 1
306 933 1
306 489 1
912 526 1
912 715 1
912 740 1
912 861 1
912 926 1
910 268 1
910 302 1
910 419 1
910 512 1
886 147 1
886 855 1
886 974 1
406 158 1
406 328 1
406 398 1
406 756 1
406 535 1
406 678 1
406 411 1
406 511 1
406 412 1
672 323 1
672 331 1
672 355 1
672 409 1
672 937 1
672 974 1
672 903 1
433 95 1
433 179 1
433 211 1
433 402 1
433 724 1
433 807 1
433 929 1
433 888 1
390 95 1
390 149 1
390 169 1
390 376 1
390 735 1
390 668 1
390 737 1
390 752 1
390 390 1
390 903 1
356 95 1
356 329 1
356 666 1
356 700 1
356 374 1
356 574 1
356 463 1
983 147 1
983 155 1
983 169 1
983 173 1
983 231 1
983 413 1
983 460 1
983 512 1
983 515 1
983 668 1
983 886 1
983 955 1
787 95 1
787 249 1
787 493 1
787 728 1
787 757 1
787 795 1
787 970 1
787 979 1
523 98 1
523 103 1
523 375 1
523 413 1
523 715 1
523 780 1
523 663 1
523 557 1
523 861 1
523 654 1
523 912 1
523 933 1
523 872 1
226 99 1
226 193 1
226 562 1
226 696 1
226 426 1
226 419 1
226 943 1
226 275 1
226 290 1
226 386 1
992 101 1
992 179 1
992 369 1
992 425 1
992 730 1
992 840 1
992 937 1
102 558 1
102 576 1
102 870 1
102 658 1
102 556 1
102 389 1
102 102 1
102 243 1
102 920 1
102 675 1
102 228 1
576 133 1
576 177 1
576 243 1
576 270 1
576 784 1
576 640 1
576 657 1
870 415 1
870 457 1
870 642 1
870 660 1
870 747 1
373 102 1
373 168 1
373 177 1
373 270 1
373 324 1
373 675 1
373 747 1
373 801 1
373 699 1
294 102 1
294 121 1
294 122 1
294 220 1
294 246 1
294 281 1
294 596 1
294 460 1
294 294 1
294 965 1
294 771 1
294 767 1
294 862 1
294 616 1
294 875 1
294 951 1
502 104 1
502 113 1
502 199 1
502 496 1
502 842 1
502 872 1
502 889 1
502 948 1
502 849 1
502 724 1
520 106 1
520 516 1
520 675 1
520 624 1
520 555 1
520 580 1
520 711 1
634 438 1
634 451 1
634 506 1
634 520 1
634 540 1
634 837 1
634 866 1
634 699 1
634 705 1
211 363 1
211 700 1
211 717 1
211 391 1
211 479 1
211 929 1
211 685 1
211 323 1
211 331 1
211 407 1
211 460 1
211 423 1
616 108 1
616 121 1
616 122 1
616 164 1
616 175 1
616 246 1
616 365 1
616 371 1
616 408 1
616 430 1
616 518 1
616 982 1
616 616 1
616 774 1
616 875 1
616 965 1
755 109 1
755 176 1
755 205 1
755 210 1
755 330 1
755 356 1
755 387 1
755 673 1
755 749 1
755 759 1
755 758 1
755 903 1
400 109 1
400 137 1
400 189 1
400 353 1
400 388 1
400 612 1
400 885 1
400 487 1
400 950 1
400 504 1
400 400 1
400 660 1
400 957 1
688 181 1
688 195 1
688 416 1
688 562 1
688 574 1
688 646 1
688 723 1
688 783 1
688 728 1
689 113 1
689 213 1
689 237 1
689 496 1
689 636 1
689 889 1
689 756 1
689 860 1
689 894 1
689 959 1
689 968 1
689 923 1
842 199 1
842 213 1
842 305 1
842 331 1
842 510 1
842 519 1
842 689 1
842 701 1
842 940 1
842 971 1
872 213 1
872 234 1
872 377 1
872 428 1
872 464 1
872 505 1
872 831 1
872 842 1
872 998 1
872 960 1
726 115 1
726 147 1
726 356 1
726 502 1
726 505 1
726 678 1
726 693 1
726 700 1
726 724 1
726 923 1
726 937 1
726 807 1
726 791 1
470 117 1
470 546 1
470 521 1
470 602 1
470 613 1
470 932 1
470 957 1
331 147 1
331 717 1
331 755 1
331 355 1
331 387 1
269 188 1
269 533 1
269 555 1
269 269 1
269 753 1
269 690 1
269 711 1
516 613 1
516 793 1
516 641 1
516 698 1
516 813 1
516 714 1
888 120 1
888 533 1
888 681 1
888 699 1
888 705 1
888 935 1
888 990 1
696 120 1
696 130 1
696 167 1
696 401 1
696 879 1
696 721 1
696 851 1
774 121 1
774 208 1
774 220 1
774 246 1
774 371 1
774 430 1
774 548 1
774 559 1
774 610 1
774 632 1
774 767 1
774 850 1
774 833 1
774 862 1
774 965 1
548 121 1
548 122 1
548 281 1
548 283 1
548 365 1
548 371 1
548 475 1
548 518 1
548 559 1
548 930 1
548 548 1
548 664 1
548 625 1
548 564 1
548 575 1
548 862 1
548 616 1
862 121 1
862 122 1
862 175 1
862 246 1
862 283 1
862 307 1
862 384 1
862 518 1
862 610 1
862 625 1
862 686 1
862 691 1
862 742 1
862 767 1
862 850 1
862 862 1
862 864 1
875 121 1
875 157 1
875 183 1
875 246 1
875 371 1
875 384 1
875 664 1
875 746 1
875 767 1
875 930 1
625 121 1
625 208 1
625 610 1
625 616 1
625 864 1
625 625 1
625 691 1
625 930 1
625 957 1
625 951 1
625 965 1
771 164 1
771 297 1
771 365 1
771 548 1
771 559 1
771 610 1
771 616 1
771 625 1
771 675 1
771 686 1
771 691 1
771 951 1
771 862 1
850 208 1
850 305 1
850 371 1
850 518 1
850 549 1
850 567 1
850 637 1
850 686 1
850 864 1
850 930 1
850 965 1
122 371 1
122 951 1
122 365 1
122 625 1
122 122 1
122 297 1
122 982 1
122 559 1
122 637 1
122 930 1
122 208 1
122 164 1
122 283 1
122 686 1
122 175 1
122 746 1
122 183 1
122 969 1
122 691 1
122 246 1
691 121 1
691 175 1
691 183 1
691 208 1
691 220 1
691 281 1
691 283 1
691 294 1
691 297 1
691 304 1
691 408 1
691 518 1
691 548 1
691 579 1
691 610 1
691 616 1
691 664 1
691 850 1
691 875 1
691 691 1
691 774 1
208 548 1
208 875 1
208 371 1
208 767 1
208 771 1
208 283 1
208 777 1
208 276 1
208 497 1
220 122 1
220 164 1
220 732 1
220 850 1
220 610 1
220 637 1
220 965 1
220 875 1
220 365 1
220 541 1
246 133 1
246 183 1
246 220 1
246 559 1
246 610 1
246 384 1
246 408 1
246 691 1
246 850 1
246 365 1
246 371 1
246 430 1
246 281 1
246 548 1
246 625 1
246 686 1
246 771 1
246 664 1
246 545 1
246 671 1
371 283 1
371 297 1
371 771 1
371 864 1
371 610 1
371 625 1
371 691 1
371 371 1
371 778 1
371 930 1
951 246 1
951 281 1
951 408 1
951 548 1
951 610 1
951 691 1
951 750 1
951 767 1
951 774 1
951 862 1
951 875 1
951 898 1
951 954 1
951 965 1
408 122 1
408 518 1
408 862 1
408 637 1
408 664 1
408 965 1
365 294 1
365 297 1
365 559 1
365 864 1
365 581 1
365 691 1
365 965 1
767 122 1
767 371 1
767 610 1
767 625 1
767 771 1
559 294 1
559 430 1
559 497 1
559 927 1
559 767 1
559 875 1
559 616 1
559 691 1
559 951 1
686 194 1
686 283 1
686 371 1
686 408 1
686 485 1
686 616 1
686 632 1
686 965 1
686 686 1
686 691 1
686 951 1
746 208 1
746 220 1
746 384 1
746 518 1
746 616 1
746 625 1
746 691 1
746 862 1
518 122 1
518 164 1
518 208 1
518 246 1
518 283 1
518 294 1
518 377 1
518 384 1
518 802 1
518 625 1
518 528 1
183 774 1
183 850 1
183 610 1
183 616 1
183 965 1
969 152 1
969 157 1
969 212 1
969 258 1
969 437 1
969 519 1
969 539 1
176 125 1
176 700 1
176 724 1
176 338 1
176 376 1
291 125 1
291 146 1
291 562 1
291 683 1
291 707 1
291 712 1
291 514 1
448 158 1
448 909 1
448 562 1
448 852 1
448 727 1
665 126 1
665 171 1
665 195 1
665 295 1
665 392 1
665 570 1
665 630 1
665 877 1
665 728 1
665 742 1
665 876 1
665 931 1
275 126 1
275 762 1
275 694 1
275 570 1
212 130 1
212 172 1
212 997 1
212 694 1
212 285 1
212 822 1
212 856 1
926 156 1
926 472 1
926 473 1
926 595 1
926 816 1
961 130 1
961 298 1
961 372 1
961 416 1
961 456 1
151 560 1
151 835 1
151 427 1
151 644 1
151 492 1
151 795 1
151 267 1
151 226 1
151 562 1
151 854 1
151 792 1
151 831 1
151 994 1
151 423 1
151 422 1
368 130 1
368 131 1
368 151 1
368 287 1
368 317 1
368 669 1
368 707 1
368 795 1
368 721 1
368 737 1
368 961 1
742 130 1
742 423 1
742 662 1
742 816 1
742 785 1
646 317 1
646 405 1
646 852 1
646 748 1
646 795 1
646 721 1
766 130 1
766 222 1
766 562 1
869 130 1
869 148 1
869 195 1
869 298 1
869 560 1
869 683 1
869 712 1
869 851 1
321 158 1
321 169 1
321 179 1
321 672 1
321 777 1
321 330 1
321 904 1
321 505 1
214 558 1
214 650 1
214 437 1
214 794 1
214 263 1
298 140 1
298 151 1
298 172 1
298 195 1
298 718 1
298 665 1
298 721 1
298 787 1
298 835 1
690 251 1
690 311 1
690 431 1
690 451 1
690 520 1
690 591 1
690 818 1
690 935 1
833 292 1
833 295 1
833 368 1
833 493 1
833 669 1
833 712 1
833 913 1
833 945 1
833 997 1
147 147 1
147 706 1
147 158 1
147 472 1
147 668 1
147 205 1
147 402 1
285 167 1
285 750 1
285 303 1
285 688 1
285 291 1
285 883 1
285 942 1
325 155 1
325 173 1
325 605 1
325 700 1
325 726 1
325 826 1
325 335 1
325 402 1
213 191 1
213 202 1
213 764 1
213 782 1
213 510 1
213 234 1
213 895 1
213 395 1
213 576 1
213 913 1
213 305 1
213 985 1
213 893 1
925 151 1
925 223 1
925 267 1
925 427 1
925 646 1
925 787 1
925 887 1
925 931 1
193 151 1
193 167 1
193 934 1
193 432 1
193 852 1
193 765 1
193 249 1
193 426 1
193 945 1
193 485 1
432 151 1
432 181 1
432 248 1
432 317 1
432 721 1
432 816 1
432 869 1
432 662 1
432 442 1
492 485 1
492 584 1
492 581 1
492 816 1
492 945 1
426 151 1
426 277 1
426 398 1
426 528 1
426 766 1
426 839 1
426 739 1
426 492 1
426 590 1
854 195 1
854 295 1
854 401 1
854 421 1
854 712 1
854 835 1
854 913 1
831 253 1
831 264 1
831 375 1
831 443 1
831 486 1
831 756 1
831 914 1
831 860 1
422 167 1
422 240 1
422 317 1
422 348 1
422 792 1
945 151 1
945 290 1
945 341 1
945 405 1
945 421 1
945 485 1
945 494 1
945 694 1
945 718 1
945 779 1
945 792 1
945 942 1
945 987 1
744 152 1
744 168 1
744 195 1
744 228 1
744 270 1
744 293 1
744 304 1
744 380 1
744 403 1
744 457 1
744 564 1
744 567 1
744 576 1
744 623 1
744 628 1
744 687 1
744 870 1
744 866 1
744 975 1
960 154 1
960 234 1
960 443 1
960 464 1
960 756 1
960 889 1
960 941 1
960 985 1
724 155 1
724 179 1
724 201 1
724 218 1
724 236 1
724 268 1
724 313 1
724 321 1
724 323 1
724 331 1
724 336 1
724 362 1
724 370 1
724 376 1
724 391 1
724 407 1
724 515 1
724 535 1
724 949 1
724 906 1
724 807 1
724 955 1
724 810 1
724 755 1
724 938 1
724 758 1
730 155 1
730 236 1
730 268 1
730 342 1
730 355 1
730 387 1
730 412 1
730 460 1
730 479 1
730 579 1
730 700 1
730 724 1
730 904 1
730 937 1
730 973 1
329 171 1
329 173 1
329 261 1
329 441 1
329 897 1
329 511 1
955 158 1
955 179 1
955 512 1
955 668 1
955 700 1
955 886 1
955 903 1
501 381 1
501 666 1
501 726 1
201 158 1
201 730 1
201 387 1
201 334 1
201 672 1
201 207 1
201 758 1
201 268 1
201 840 1
201 331 1
334 169 1
334 228 1
334 515 1
334 737 1
334 411 1
334 338 1
334 886 1
334 890 1
807 173 1
807 499 1
807 646 1
807 666 1
807 677 1
807 826 1
541 216 1
541 989 1
541 635 1
541 754 1
541 640 1
541 601 1
541 901 1
664 220 1
664 281 1
664 610 1
664 752 1
664 771 1
664 719 1
664 930 1
664 686 1
664 951 1
456 167 1
456 249 1
456 500 1
456 630 1
456 669 1
456 757 1
244 167 1
244 172 1
244 503 1
244 422 1
244 419 1
244 482 1
244 657 1
244 766 1
405 193 1
405 270 1
405 683 1
405 757 1
405 779 1
405 426 1
898 167 1
898 172 1
898 290 1
898 368 1
898 381 1
898 560 1
898 632 1
723 167 1
723 192 1
723 382 1
723 448 1
723 454 1
723 492 1
723 629 1
723 630 1
723 662 1
723 694 1
723 712 1
723 956 1
723 877 1
723 856 1
723 931 1
723 806 1
723 934 1
419 167 1
419 317 1
419 554 1
419 816 1
392 233 1
392 291 1
392 317 1
392 862 1
392 787 1
392 897 1
392 416 1
635 168 1
635 276 1
635 754 1
635 733 1
635 721 1
640 228 1
640 263 1
640 324 1
640 457 1
640 849 1
640 660 1
628 168 1
628 315 1
628 498 1
628 623 1
628 732 1
628 901 1
437 327 1
437 380 1
437 566 1
437 567 1
437 635 1
437 538 1
437 533 1
494 168 1
494 216 1
494 543 1
494 568 1
494 648 1
494 884 1
494 661 1
777 230 1
777 231 1
777 265 1
777 406 1
777 758 1
777 820 1
412 236 1
412 261 1
412 317 1
412 338 1
412 387 1
412 393 1
412 668 1
476 170 1
476 174 1
476 179 1
476 336 1
476 512 1
476 535 1
476 826 1
476 777 1
776 179 1
776 412 1
776 559 1
776 644 1
776 677 1
776 730 1
776 949 1
776 840 1
776 890 1
707 170 1
707 195 1
707 287 1
707 386 1
707 604 1
707 985 1
707 728 1
707 956 1
707 944 1
707 738 1
707 766 1
762 171 1
762 193 1
762 249 1
762 369 1
762 401 1
762 787 1
762 931 1
997 195 1
997 239 1
997 285 1
997 290 1
997 295 1
997 856 1
503 172 1
503 248 1
503 317 1
503 792 1
503 933 1
173 755 1
173 321 1
173 752 1
173 468 1
173 940 1
173 944 1
173 201 1
173 302 1
173 355 1
430 208 1
430 281 1
430 308 1
430 632 1
430 691 1
430 930 1
430 951 1
430 965 1
430 746 1
973 176 1
973 322 1
973 574 1
973 640 1
973 706 1
973 810 1
973 934 1
973 959 1
973 975 1
469 176 1
469 218 1
469 381 1
469 456 1
469 724 1
469 777 1
469 820 1
469 752 1
190 567 1
190 640 1
190 656 1
190 661 1
190 789 1
190 798 1
190 190 1
190 845 1
190 601 1
190 308 1
190 857 1
190 384 1
801 177 1
801 363 1
801 543 1
801 719 1
801 747 1
801 975 1
974 179 1
974 666 1
974 700 1
974 840 1
207 668 1
207 717 1
207 929 1
207 338 1
207 826 1
207 937 1
207 703 1
207 820 1
207 737 1
207 322 1
207 342 1
814 483 1
814 554 1
814 622 1
814 639 1
814 680 1
814 902 1
814 866 1
963 250 1
963 357 1
963 379 1
963 496 1
963 739 1
963 782 1
963 909 1
963 985 1
785 184 1
785 191 1
785 250 1
785 366 1
785 414 1
785 701 1
785 716 1
785 722 1
785 756 1
785 860 1
224 443 1
224 948 1
224 366 1
800 184 1
800 187 1
800 224 1
800 234 1
800 238 1
800 253 1
800 274 1
800 301 1
800 305 1
800 345 1
800 366 1
800 367 1
800 388 1
800 395 1
800 418 1
800 425 1
800 441 1
800 443 1
800 718 1
800 756 1
800 859 1
800 971 1
800 881 1
800 915 1
800 960 1
800 842 1
800 860 1
820 188 1
820 268 1
820 302 1
820 468 1
820 983 1
661 556 1
661 572 1
661 586 1
661 642 1
661 660 1
661 932 1
428 191 1
428 213 1
428 253 1
428 367 1
428 881 1
428 889 1
428 502 1
332 234 1
332 245 1
332 701 1
332 800 1
332 428 1
332 925 1
332 872 1
332 881 1
332 648 1
948 191 1
948 250 1
948 415 1
948 467 1
948 662 1
948 814 1
948 872 1
948 985 1
750 193 1
750 270 1
750 852 1
750 856 1
750 931 1
956 292 1
956 427 1
956 650 1
956 721 1
956 757 1
956 795 1
341 249 1
341 642 1
341 885 1
341 696 1
341 694 1
341 956 1
341 898 1
341 877 1
341 856 1
341 913 1
341 918 1
341 422 1
908 195 1
908 233 1
908 486 1
908 560 1
908 652 1
908 739 1
908 748 1
908 779 1
879 300 1
879 392 1
879 415 1
879 510 1
879 560 1
879 566 1
879 721 1
879 976 1
357 213 1
357 701 1
357 865 1
357 414 1
357 860 1
235 199 1
235 227 1
235 654 1
235 998 1
235 817 1
235 255 1
235 805 1
235 796 1
235 770 1
235 366 1
817 234 1
817 289 1
817 366 1
817 411 1
817 785 1
817 865 1
817 968 1
486 202 1
486 238 1
486 249 1
486 345 1
486 366 1
486 367 1
486 718 1
486 894 1
486 817 1
486 502 1
391 205 1
391 261 1
391 265 1
391 268 1
391 390 1
391 512 1
391 758 1
391 763 1
391 407 1
273 205 1
273 222 1
273 256 1
273 999 1
273 366 1
273 520 1
273 522 1
273 711 1
273 699 1
273 813 1
273 888 1
273 684 1
411 211 1
411 333 1
411 407 1
411 668 1
411 706 1
838 344 1
838 475 1
838 566 1
838 591 1
838 592 1
838 660 1
838 693 1
838 832 1
838 878 1
218 675 1
218 228 1
218 706 1
218 777 1
218 526 1
218 730 1
218 820 1
218 890 1
218 387 1
222 826 1
222 540 1
222 555 1
222 986 1
943 236 1
943 268 1
943 331 1
943 390 1
943 647 1
943 677 1
943 782 1
943 810 1
943 910 1
943 983 1
301 736 1
301 689 1
301 782 1
301 301 1
301 829 1
301 366 1
301 420 1
301 486 1
287 646 1
287 851 1
264 689 1
264 404 1
264 292 1
264 800 1
264 959 1
251 533 1
251 565 1
251 624 1
251 888 1
251 471 1
251 269 1
251 475 1
251 503 1
949 261 1
949 323 1
949 335 1
949 381 1
949 700 1
949 921 1
748 545 1
748 570 1
748 742 1
748 905 1
748 792 1
591 311 1
591 339 1
591 346 1
591 431 1
591 459 1
591 475 1
591 500 1
591 506 1
591 533 1
591 580 1
591 953 1
591 699 1
591 962 1
623 373 1
623 403 1
623 543 1
623 725 1
623 754 1
623 947 1
623 694 1
757 386 1
757 427 1
757 450 1
757 493 1
757 712 1
757 742 1
757 887 1
757 823 1
757 997 1
757 783 1
757 898 1
757 913 1
757 979 1
757 795 1
