0 912 1
0 353 1
0 927 1
0 631 1
0 199 1
0 480 1
0 990 1
0 951 1
912 81 1
912 498 1
912 541 1
912 621 1
353 29 1
353 284 1
353 325 1
353 621 1
353 833 1
353 857 1
353 998 1
353 870 1
353 614 1
353 649 1
353 480 1
927 88 1
927 264 1
927 656 1
927 889 1
621 0 1
621 1 1
621 81 1
621 101 1
621 156 1
621 173 1
621 241 1
621 301 1
621 323 1
621 480 1
621 508 1
621 529 1
621 604 1
621 621 1
621 833 1
621 954 1
621 975 1
621 858 1
621 786 1
621 831 1
621 774 1
631 1 1
631 80 1
631 101 1
631 111 1
631 173 1
631 199 1
631 353 1
631 419 1
631 478 1
631 508 1
631 522 1
631 604 1
631 615 1
631 620 1
631 621 1
631 975 1
631 861 1
631 854 1
631 998 1
631 937 1
631 822 1
631 722 1
631 841 1
631 651 1
631 662 1
199 1 1
199 13 1
199 81 1
199 108 1
199 478 1
199 861 1
199 786 1
199 839 1
199 798 1
199 642 1
199 353 1
199 765 1
199 958 1
199 831 1
199 251 1
199 854 1
199 980 1
199 708 1
199 286 1
833 0 1
833 1 1
833 70 1
833 78 1
833 93 1
833 111 1
833 136 1
833 137 1
833 168 1
833 173 1
833 188 1
833 199 1
833 241 1
833 251 1
833 348 1
833 359 1
833 369 1
833 376 1
833 396 1
833 435 1
833 436 1
833 438 1
833 468 1
833 478 1
833 480 1
833 508 1
833 532 1
833 556 1
833 558 1
833 614 1
833 615 1
833 631 1
833 642 1
833 730 1
833 765 1
833 786 1
833 822 1
833 854 1
833 833 1
833 900 1
833 857 1
833 975 1
833 954 1
833 861 1
833 929 1
833 858 1
833 894 1
348 0 1
348 85 1
348 93 1
348 111 1
348 173 1
348 199 1
348 237 1
348 251 1
348 301 1
348 333 1
348 604 1
348 631 1
348 369 1
348 857 1
348 872 1
348 621 1
348 854 1
348 819 1
348 359 1
348 396 1
348 414 1
348 858 1
348 822 1
348 419 1
348 839 1
348 436 1
348 562 1
348 502 1
348 473 1
348 503 1
348 815 1
348 757 1
348 697 1
348 387 1
348 799 1
348 650 1
480 93 1
480 279 1
480 303 1
480 348 1
480 381 1
480 772 1
480 631 1
480 870 1
480 954 1
480 854 1
480 829 1
480 939 1
480 508 1
508 0 1
508 81 1
508 85 1
508 99 1
508 173 1
508 199 1
508 284 1
508 348 1
508 353 1
508 414 1
508 470 1
508 829 1
508 998 1
508 819 1
508 786 1
508 798 1
508 912 1
508 870 1
508 604 1
508 508 1
508 914 1
990 46 1
990 189 1
990 300 1
990 347 1
990 491 1
990 674 1
990 757 1
990 758 1
990 770 1
990 919 1
990 987 1
990 990 1
951 42 1
951 86 1
951 742 1
951 766 1
951 823 1
1 839 1
1 642 1
1 831 1
1 333 1
1 998 1
1 435 1
1 872 1
1 1 1
1 798 1
1 786 1
1 929 1
1 615 1
1 253 1
1 172 1
1 275 1
1 857 1
839 39 1
839 284 1
839 833 1
839 857 1
839 861 1
642 508 1
642 621 1
96 1 1
96 67 1
96 616 1
96 96 1
96 621 1
96 631 1
96 833 1
96 348 1
96 861 1
96 508 1
436 1 1
436 199 1
436 631 1
436 829 1
831 80 1
831 284 1
831 348 1
831 631 1
831 833 1
301 1 1
301 111 1
301 284 1
301 833 1
301 480 1
301 760 1
301 796 1
333 199 1
333 284 1
333 631 1
333 833 1
333 854 1
333 861 1
333 508 1
954 1 1
954 284 1
954 348 1
954 631 1
478 1 1
478 111 1
478 348 1
998 199 1
998 284 1
998 415 1
998 833 1
822 1 1
822 251 1
822 299 1
822 435 1
822 819 1
822 861 1
435 95 1
435 631 1
435 854 1
435 508 1
872 508 1
872 631 1
872 978 1
316 1 1
316 199 1
316 621 1
316 631 1
316 833 1
316 929 1
316 480 1
316 508 1
316 838 1
396 1 1
396 284 1
396 765 1
396 808 1
396 929 1
396 508 1
241 1 1
241 6 1
241 80 1
241 81 1
241 178 1
241 631 1
241 508 1
241 958 1
241 829 1
241 857 1
241 348 1
241 929 1
241 581 1
798 833 1
870 1 1
870 81 1
870 221 1
870 348 1
870 488 1
870 522 1
870 532 1
870 631 1
870 831 1
786 200 1
786 619 1
786 861 1
929 93 1
929 173 1
929 192 1
929 199 1
929 436 1
929 508 1
929 786 1
929 839 1
929 870 1
929 906 1
929 912 1
929 929 1
929 970 1
854 1 1
854 96 1
854 154 1
854 241 1
854 508 1
854 614 1
854 854 1
854 861 1
615 120 1
615 154 1
615 516 1
615 803 1
253 38 1
253 219 1
253 679 1
253 708 1
253 465 1
253 864 1
172 46 1
172 113 1
172 160 1
172 664 1
275 797 1
464 1 1
464 354 1
464 429 1
464 992 1
464 964 1
595 1 1
595 79 1
595 321 1
595 498 1
595 600 1
857 81 1
857 111 1
857 199 1
857 321 1
857 514 1
857 616 1
857 621 1
857 631 1
857 765 1
857 808 1
857 854 1
857 861 1
857 900 1
857 929 1
857 919 1
857 890 1
2 512 1
2 723 1
2 2 1
2 56 1
512 12 1
512 156 1
512 220 1
512 257 1
512 458 1
512 473 1
512 870 1
512 762 1
512 686 1
512 624 1
512 512 1
512 756 1
512 945 1
512 723 1
512 625 1
512 860 1
723 624 1
723 782 1
762 2 1
762 432 1
762 782 1
56 12 1
56 459 1
56 265 1
473 2 1
473 14 1
473 22 1
473 56 1
473 58 1
473 156 1
473 169 1
473 220 1
473 246 1
473 257 1
473 268 1
473 410 1
473 782 1
473 625 1
473 479 1
473 577 1
473 756 1
473 755 1
473 628 1
473 811 1
473 686 1
473 473 1
473 566 1
473 667 1
473 849 1
473 828 1
755 2 1
755 56 1
329 3 1
329 121 1
329 919 1
329 423 1
329 437 1
329 948 1
3 928 1
3 3 1
3 8 1
3 274 1
3 825 1
3 498 1
3 514 1
928 57 1
928 112 1
928 267 1
928 275 1
928 331 1
928 338 1
928 380 1
928 382 1
928 420 1
928 430 1
928 446 1
928 460 1
928 465 1
928 505 1
928 552 1
928 602 1
928 606 1
928 611 1
928 651 1
928 656 1
928 662 1
928 676 1
928 680 1
928 711 1
928 721 1
928 722 1
928 735 1
928 777 1
928 837 1
928 896 1
928 995 1
8 968 1
8 628 1
8 498 1
274 16 1
274 134 1
274 206 1
274 820 1
274 754 1
274 791 1
274 458 1
274 304 1
274 905 1
274 404 1
274 477 1
274 809 1
274 500 1
274 475 1
274 830 1
274 978 1
274 496 1
274 894 1
274 853 1
825 21 1
825 52 1
825 79 1
825 117 1
825 159 1
825 189 1
825 243 1
825 262 1
825 436 1
825 515 1
825 529 1
825 530 1
825 611 1
825 688 1
825 999 1
825 825 1
825 901 1
825 853 1
118 3 1
118 8 1
118 10 1
118 39 1
118 65 1
118 74 1
118 79 1
118 515 1
118 290 1
118 118 1
118 901 1
118 846 1
118 511 1
118 368 1
498 33 1
498 37 1
498 79 1
498 118 1
498 482 1
498 825 1
498 524 1
498 596 1
498 611 1
498 564 1
498 846 1
498 498 1
498 973 1
498 759 1
498 636 1
498 972 1
514 226 1
514 311 1
660 4 1
660 321 1
660 323 1
660 570 1
660 732 1
660 940 1
4 191 1
4 213 1
191 692 1
191 992 1
191 533 1
52 4 1
52 509 1
52 533 1
52 795 1
540 4 1
540 191 1
540 894 1
540 731 1
431 4 1
431 992 1
213 727 1
213 953 1
213 992 1
213 354 1
213 464 1
213 282 1
599 4 1
599 63 1
599 213 1
599 334 1
599 364 1
599 400 1
599 540 1
599 615 1
599 692 1
599 874 1
599 940 1
599 728 1
5 512 1
5 756 1
5 521 1
5 203 1
5 5 1
5 204 1
257 5 1
257 91 1
257 507 1
756 623 1
521 276 1
521 473 1
625 5 1
625 79 1
625 215 1
625 257 1
625 374 1
625 375 1
625 510 1
625 628 1
625 874 1
156 5 1
156 56 1
203 625 1
203 512 1
203 697 1
203 473 1
58 5 1
58 199 1
58 782 1
204 105 1
204 943 1
204 219 1
204 752 1
204 542 1
633 5 1
633 6 1
633 189 1
633 271 1
633 432 1
633 488 1
633 926 1
633 676 1
633 742 1
14 5 1
14 941 1
14 716 1
14 913 1
14 512 1
14 22 1
14 577 1
14 634 1
14 756 1
14 14 1
14 842 1
14 588 1
14 533 1
6 101 1
6 51 1
6 311 1
6 325 1
6 870 1
6 327 1
101 28 1
101 39 1
101 889 1
101 311 1
101 630 1
868 6 1
868 311 1
868 581 1
868 917 1
125 6 1
125 394 1
125 583 1
51 869 1
51 188 1
311 11 1
311 19 1
311 51 1
311 220 1
311 237 1
311 849 1
311 565 1
311 327 1
311 450 1
311 402 1
746 6 1
746 343 1
746 590 1
746 971 1
55 6 1
55 39 1
55 331 1
55 327 1
55 55 1
55 188 1
630 6 1
630 19 1
630 145 1
630 188 1
630 311 1
630 495 1
630 868 1
630 933 1
325 51 1
325 864 1
325 622 1
325 514 1
7 6 1
7 469 1
7 298 1
7 49 1
7 740 1
7 258 1
7 299 1
68 6 1
68 371 1
68 688 1
68 104 1
68 776 1
68 288 1
327 39 1
327 144 1
327 188 1
327 410 1
327 343 1
327 971 1
327 684 1
327 695 1
842 7 1
842 139 1
842 302 1
842 388 1
842 852 1
830 7 1
830 133 1
830 280 1
830 299 1
830 421 1
830 458 1
830 735 1
830 880 1
830 860 1
830 981 1
830 915 1
260 7 1
260 39 1
260 593 1
260 673 1
260 274 1
260 299 1
260 477 1
469 862 1
469 853 1
298 145 1
298 208 1
298 258 1
298 584 1
298 421 1
298 469 1
298 380 1
298 853 1
298 932 1
298 477 1
49 215 1
49 107 1
740 16 1
740 115 1
740 260 1
740 280 1
740 293 1
740 298 1
740 299 1
740 339 1
740 379 1
740 395 1
740 404 1
740 418 1
740 433 1
740 475 1
740 484 1
740 500 1
740 544 1
740 550 1
740 683 1
740 915 1
740 932 1
740 983 1
740 809 1
740 768 1
740 856 1
740 740 1
740 741 1
740 748 1
740 978 1
740 744 1
740 947 1
740 959 1
740 753 1
740 853 1
258 41 1
258 60 1
258 145 1
258 234 1
258 673 1
258 740 1
258 258 1
258 863 1
258 860 1
258 362 1
258 880 1
258 340 1
258 393 1
258 337 1
258 983 1
258 544 1
258 905 1
258 791 1
258 988 1
258 986 1
258 721 1
258 278 1
258 274 1
258 830 1
299 16 1
299 41 1
299 133 1
299 242 1
299 298 1
299 340 1
299 863 1
299 421 1
299 986 1
299 393 1
299 306 1
299 671 1
968 176 1
968 242 1
968 738 1
968 875 1
628 102 1
628 512 1
533 8 1
533 21 1
533 118 1
533 141 1
533 498 1
533 515 1
533 524 1
533 829 1
533 533 1
533 825 1
533 973 1
533 595 1
533 792 1
533 535 1
533 585 1
533 605 1
492 9 1
492 97 1
492 728 1
492 864 1
492 910 1
9 571 1
9 935 1
9 314 1
9 780 1
9 164 1
9 679 1
9 305 1
9 918 1
9 790 1
9 244 1
9 331 1
9 586 1
9 456 1
571 38 1
571 104 1
571 368 1
571 371 1
571 457 1
571 647 1
571 953 1
935 138 1
935 679 1
802 9 1
802 38 1
802 526 1
802 621 1
728 9 1
728 304 1
728 432 1
728 456 1
728 643 1
728 836 1
728 879 1
519 9 1
519 85 1
519 378 1
519 456 1
519 647 1
519 659 1
519 586 1
519 648 1
167 9 1
167 38 1
167 519 1
167 215 1
167 805 1
167 864 1
167 953 1
167 311 1
635 9 1
635 519 1
314 915 1
828 9 1
828 295 1
828 586 1
828 679 1
828 710 1
828 953 1
780 138 1
780 387 1
780 456 1
780 864 1
780 838 1
164 88 1
164 138 1
164 586 1
164 919 1
643 9 1
643 68 1
643 363 1
643 459 1
643 638 1
679 90 1
679 97 1
679 104 1
679 116 1
679 131 1
679 209 1
679 282 1
679 286 1
679 363 1
679 456 1
679 459 1
679 537 1
679 586 1
679 638 1
679 646 1
679 659 1
679 924 1
679 793 1
679 939 1
679 937 1
305 38 1
305 97 1
305 282 1
305 861 1
305 636 1
305 864 1
305 387 1
305 456 1
305 976 1
305 546 1
918 97 1
918 387 1
918 516 1
918 612 1
918 864 1
918 953 1
790 456 1
790 920 1
646 9 1
646 168 1
646 586 1
646 910 1
244 128 1
244 456 1
244 347 1
244 620 1
455 9 1
455 953 1
455 928 1
659 9 1
659 87 1
659 562 1
659 941 1
659 996 1
659 754 1
721 9 1
721 244 1
721 774 1
721 894 1
721 785 1
177 9 1
177 81 1
177 124 1
177 574 1
177 583 1
177 693 1
177 186 1
412 9 1
412 59 1
331 150 1
331 227 1
331 306 1
331 312 1
331 548 1
331 602 1
331 424 1
331 649 1
331 797 1
331 704 1
331 498 1
25 9 1
25 708 1
501 9 1
501 566 1
224 9 1
224 139 1
224 716 1
224 289 1
586 59 1
586 243 1
586 282 1
586 305 1
586 314 1
586 393 1
586 440 1
586 507 1
586 647 1
586 717 1
586 739 1
586 659 1
586 635 1
586 836 1
586 648 1
586 961 1
586 915 1
456 72 1
456 104 1
456 129 1
456 136 1
456 167 1
456 199 1
456 225 1
456 296 1
456 333 1
456 392 1
456 407 1
456 440 1
456 444 1
456 455 1
456 586 1
456 793 1
456 670 1
456 920 1
456 537 1
456 935 1
456 562 1
456 466 1
456 843 1
456 769 1
456 571 1
456 638 1
456 938 1
456 836 1
456 828 1
456 910 1
456 648 1
456 771 1
456 646 1
456 623 1
456 719 1
456 946 1
10 842 1
10 529 1
10 290 1
10 321 1
10 498 1
37 10 1
37 193 1
37 515 1
37 52 1
37 925 1
37 118 1
529 81 1
529 118 1
529 281 1
529 290 1
529 498 1
529 533 1
115 10 1
115 820 1
115 274 1
115 433 1
115 393 1
115 657 1
115 673 1
290 515 1
290 595 1
290 981 1
290 825 1
290 557 1
321 21 1
321 74 1
321 79 1
321 118 1
321 145 1
321 318 1
321 716 1
321 825 1
321 973 1
321 901 1
321 533 1
321 321 1
321 731 1
321 498 1
19 11 1
19 325 1
19 373 1
19 188 1
19 258 1
11 11 1
581 11 1
581 101 1
581 125 1
581 328 1
581 425 1
581 508 1
581 514 1
581 746 1
581 630 1
188 11 1
188 39 1
188 101 1
188 534 1
188 311 1
188 971 1
188 868 1
188 343 1
188 746 1
188 849 1
188 237 1
188 679 1
188 396 1
188 479 1
12 526 1
12 257 1
12 779 1
12 625 1
12 473 1
12 246 1
12 395 1
526 105 1
526 439 1
526 526 1
526 996 1
526 761 1
779 188 1
779 311 1
779 327 1
779 549 1
779 990 1
667 12 1
667 230 1
667 257 1
667 356 1
667 512 1
667 624 1
667 663 1
246 512 1
395 230 1
395 274 1
395 299 1
395 791 1
395 830 1
395 956 1
395 544 1
395 944 1
13 468 1
13 558 1
13 55 1
13 81 1
13 621 1
13 833 1
13 348 1
13 586 1
468 199 1
468 274 1
468 348 1
468 435 1
468 621 1
468 631 1
468 861 1
468 480 1
558 81 1
558 173 1
558 208 1
558 212 1
558 348 1
558 631 1
81 833 1
81 396 1
81 616 1
81 975 1
81 786 1
81 251 1
81 333 1
81 631 1
81 81 1
81 522 1
81 441 1
81 436 1
81 369 1
81 470 1
81 245 1
81 491 1
81 861 1
81 353 1
81 480 1
85 13 1
85 558 1
85 484 1
85 614 1
85 301 1
85 642 1
85 861 1
85 241 1
85 111 1
85 631 1
85 199 1
85 833 1
861 13 1
861 93 1
861 173 1
861 241 1
861 251 1
861 284 1
861 347 1
861 353 1
861 356 1
861 359 1
861 415 1
861 434 1
861 436 1
861 470 1
861 480 1
861 490 1
861 498 1
861 508 1
861 558 1
861 614 1
861 621 1
861 642 1
861 846 1
861 998 1
861 870 1
861 912 1
861 975 1
861 954 1
861 861 1
861 900 1
861 973 1
82 13 1
82 409 1
82 928 1
941 25 1
941 119 1
941 126 1
941 149 1
941 162 1
941 252 1
941 261 1
941 271 1
941 346 1
941 349 1
941 381 1
941 449 1
941 516 1
941 608 1
941 640 1
941 706 1
941 727 1
941 742 1
941 777 1
941 826 1
941 899 1
941 902 1
941 941 1
716 44 1
716 52 1
716 54 1
716 136 1
716 163 1
716 202 1
716 228 1
716 289 1
716 292 1
716 302 1
716 328 1
716 341 1
716 388 1
716 447 1
716 496 1
716 506 1
716 553 1
716 587 1
716 622 1
716 994 1
716 946 1
716 960 1
716 724 1
716 930 1
716 716 1
716 810 1
716 914 1
716 867 1
716 792 1
716 757 1
716 838 1
913 46 1
913 179 1
913 228 1
913 272 1
913 368 1
913 416 1
913 463 1
913 578 1
913 757 1
913 770 1
913 787 1
913 794 1
913 855 1
913 939 1
22 26 1
22 375 1
577 56 1
479 14 1
479 512 1
185 14 1
185 56 1
185 512 1
185 473 1
634 473 1
634 512 1
634 636 1
105 14 1
105 31 1
105 516 1
105 697 1
105 969 1
105 182 1
105 105 1
105 107 1
105 357 1
105 210 1
105 709 1
105 514 1
105 338 1
105 609 1
105 685 1
105 400 1
105 175 1
105 235 1
588 118 1
588 318 1
588 498 1
588 515 1
588 528 1
588 533 1
588 585 1
588 703 1
893 15 1
893 81 1
893 726 1
893 925 1
15 65 1
15 657 1
15 350 1
527 15 1
527 363 1
527 456 1
527 536 1
527 586 1
527 915 1
527 953 1
467 15 1
467 297 1
467 334 1
467 733 1
467 800 1
467 913 1
65 113 1
65 580 1
657 437 1
657 671 1
657 821 1
350 94 1
350 881 1
350 411 1
350 494 1
350 517 1
350 437 1
881 15 1
881 46 1
881 69 1
881 121 1
881 276 1
881 335 1
881 377 1
881 406 1
881 416 1
881 467 1
881 575 1
881 674 1
881 715 1
881 990 1
881 999 1
881 919 1
881 943 1
881 929 1
515 15 1
515 318 1
515 498 1
515 611 1
515 585 1
16 512 1
16 620 1
16 66 1
16 177 1
16 298 1
620 92 1
620 140 1
620 265 1
620 339 1
620 344 1
620 650 1
66 145 1
66 388 1
66 796 1
957 16 1
957 139 1
957 330 1
957 477 1
957 673 1
957 740 1
737 16 1
737 251 1
737 673 1
737 801 1
737 853 1
500 16 1
500 200 1
500 508 1
936 16 1
936 79 1
936 258 1
936 641 1
824 16 1
824 135 1
824 295 1
824 296 1
242 16 1
242 740 1
242 293 1
242 932 1
242 335 1
242 477 1
853 16 1
853 18 1
853 133 1
853 145 1
853 242 1
853 250 1
853 256 1
853 299 1
853 550 1
853 754 1
853 947 1
853 856 1
853 983 1
853 924 1
432 17 1
432 29 1
432 97 1
432 126 1
432 147 1
432 149 1
432 176 1
432 211 1
432 319 1
432 383 1
432 516 1
432 675 1
432 697 1
432 847 1
432 941 1
432 823 1
432 902 1
432 926 1
432 669 1
432 705 1
432 972 1
432 714 1
432 661 1
432 685 1
17 85 1
17 664 1
17 667 1
664 76 1
664 151 1
664 171 1
664 247 1
664 531 1
664 664 1
799 17 1
799 365 1
532 17 1
532 113 1
532 160 1
532 372 1
532 529 1
532 531 1
532 618 1
532 664 1
532 603 1
532 532 1
532 906 1
113 17 1
113 348 1
113 160 1
113 113 1
113 545 1
113 800 1
152 17 1
152 28 1
152 75 1
152 152 1
152 238 1
152 839 1
152 535 1
953 18 1
953 38 1
953 68 1
953 95 1
953 244 1
953 286 1
953 293 1
953 314 1
953 334 1
953 370 1
953 380 1
953 387 1
953 442 1
953 521 1
953 679 1
953 710 1
953 721 1
953 771 1
953 785 1
953 805 1
953 850 1
953 852 1
953 907 1
953 914 1
953 920 1
953 953 1
18 160 1
18 740 1
18 768 1
18 274 1
18 796 1
18 477 1
866 18 1
866 139 1
866 202 1
866 241 1
866 360 1
866 456 1
866 499 1
866 751 1
866 792 1
866 946 1
866 940 1
160 171 1
673 18 1
673 44 1
673 66 1
673 74 1
673 108 1
673 145 1
673 274 1
673 280 1
673 291 1
673 295 1
673 298 1
673 299 1
673 323 1
673 387 1
673 418 1
673 458 1
673 469 1
673 593 1
673 988 1
673 853 1
673 979 1
673 809 1
673 735 1
673 880 1
673 791 1
673 832 1
673 891 1
673 740 1
768 145 1
768 258 1
768 578 1
768 674 1
768 956 1
768 905 1
768 851 1
768 782 1
768 791 1
796 133 1
796 206 1
796 280 1
796 281 1
796 291 1
796 293 1
796 364 1
796 379 1
796 393 1
796 395 1
796 500 1
796 550 1
796 995 1
796 880 1
796 905 1
796 956 1
477 66 1
477 184 1
477 379 1
477 395 1
477 421 1
477 434 1
477 740 1
477 932 1
477 500 1
477 544 1
477 856 1
477 809 1
477 706 1
373 82 1
373 230 1
373 889 1
201 20 1
201 91 1
201 154 1
201 623 1
20 909 1
351 20 1
351 154 1
351 183 1
351 234 1
351 275 1
351 959 1
351 658 1
351 641 1
351 922 1
351 908 1
351 830 1
351 366 1
909 423 1
909 542 1
909 622 1
606 20 1
606 223 1
606 505 1
606 570 1
606 623 1
641 20 1
641 150 1
641 201 1
641 234 1
641 706 1
641 678 1
21 611 1
21 970 1
21 262 1
21 498 1
611 321 1
611 535 1
970 262 1
970 284 1
970 290 1
970 585 1
193 21 1
193 411 1
193 533 1
193 535 1
193 825 1
193 498 1
262 60 1
262 78 1
262 118 1
262 611 1
262 515 1
262 533 1
262 290 1
878 21 1
878 154 1
878 502 1
878 660 1
878 801 1
33 21 1
33 80 1
33 586 1
33 533 1
33 37 1
33 321 1
33 79 1
26 131 1
26 116 1
26 70 1
26 885 1
26 377 1
26 437 1
375 782 1
375 577 1
375 699 1
375 932 1
524 22 1
524 321 1
524 432 1
524 605 1
23 512 1
23 799 1
782 23 1
782 185 1
782 268 1
782 334 1
782 382 1
782 521 1
782 624 1
782 725 1
782 820 1
782 928 1
906 24 1
906 64 1
906 541 1
906 556 1
906 685 1
906 693 1
906 943 1
24 556 1
24 960 1
148 24 1
148 53 1
148 623 1
148 204 1
148 195 1
148 752 1
148 148 1
148 906 1
148 422 1
148 229 1
148 824 1
148 729 1
377 24 1
377 121 1
377 334 1
377 821 1
377 877 1
377 542 1
377 661 1
377 913 1
377 423 1
556 148 1
556 421 1
556 789 1
556 847 1
53 24 1
53 222 1
53 906 1
53 943 1
53 53 1
53 900 1
175 24 1
175 36 1
175 49 1
175 102 1
175 103 1
175 107 1
175 110 1
175 508 1
175 526 1
175 504 1
175 897 1
175 696 1
175 996 1
175 445 1
175 644 1
175 645 1
175 709 1
175 665 1
175 583 1
960 82 1
960 215 1
960 292 1
960 838 1
960 914 1
677 24 1
677 135 1
677 313 1
677 591 1
677 604 1
677 625 1
677 722 1
677 981 1
677 928 1
617 25 1
617 70 1
617 885 1
708 40 1
708 123 1
708 138 1
708 305 1
708 459 1
708 864 1
708 774 1
708 918 1
708 953 1
820 25 1
820 47 1
820 112 1
820 170 1
820 227 1
820 320 1
820 402 1
820 428 1
820 548 1
820 560 1
820 671 1
820 777 1
820 977 1
820 896 1
820 927 1
820 856 1
610 25 1
610 43 1
610 44 1
610 65 1
610 145 1
610 186 1
610 233 1
610 285 1
610 344 1
610 358 1
610 543 1
610 554 1
610 563 1
610 574 1
610 593 1
610 610 1
610 904 1
610 652 1
610 816 1
610 830 1
720 25 1
720 610 1
427 26 1
427 35 1
427 161 1
427 207 1
427 669 1
427 916 1
427 640 1
427 941 1
427 432 1
131 68 1
131 682 1
131 134 1
131 885 1
116 155 1
134 26 1
134 48 1
134 62 1
134 134 1
134 629 1
682 26 1
682 29 1
682 143 1
682 155 1
682 411 1
682 446 1
682 629 1
682 742 1
70 48 1
70 143 1
70 70 1
70 301 1
70 885 1
885 134 1
885 202 1
885 341 1
885 885 1
670 26 1
670 370 1
670 584 1
670 586 1
670 805 1
670 864 1
437 300 1
437 332 1
437 411 1
437 418 1
437 909 1
437 990 1
27 742 1
27 291 1
27 652 1
742 149 1
742 276 1
742 346 1
742 381 1
742 413 1
742 466 1
742 640 1
742 654 1
742 823 1
742 742 1
805 27 1
805 159 1
805 456 1
805 859 1
805 918 1
805 899 1
291 274 1
291 740 1
291 851 1
291 361 1
580 27 1
580 285 1
580 411 1
580 665 1
580 975 1
652 285 1
652 295 1
652 377 1
652 576 1
794 27 1
794 972 1
28 523 1
28 564 1
28 266 1
28 28 1
28 764 1
28 655 1
28 531 1
28 616 1
28 600 1
523 38 1
523 104 1
523 209 1
523 253 1
523 456 1
523 769 1
523 708 1
523 688 1
523 645 1
564 64 1
564 196 1
564 529 1
564 533 1
564 888 1
266 89 1
266 152 1
266 238 1
266 775 1
266 266 1
266 864 1
266 655 1
120 28 1
120 152 1
120 600 1
120 764 1
71 28 1
71 513 1
71 152 1
71 266 1
71 557 1
71 539 1
71 982 1
775 28 1
775 152 1
775 775 1
775 946 1
89 28 1
89 744 1
764 793 1
764 775 1
184 28 1
184 152 1
184 266 1
75 28 1
75 71 1
75 584 1
75 716 1
75 94 1
75 775 1
75 655 1
655 152 1
655 238 1
655 539 1
655 600 1
531 113 1
531 212 1
531 507 1
616 85 1
616 241 1
616 631 1
616 765 1
616 833 1
88 28 1
88 78 1
88 702 1
88 108 1
88 730 1
88 873 1
88 609 1
600 71 1
600 75 1
600 89 1
600 266 1
600 471 1
600 513 1
600 580 1
600 586 1
600 775 1
600 600 1
600 802 1
600 820 1
29 141 1
141 134 1
141 405 1
141 274 1
48 29 1
48 205 1
48 885 1
48 68 1
48 148 1
856 29 1
856 66 1
856 258 1
856 647 1
856 673 1
856 791 1
856 805 1
856 944 1
856 984 1
345 30 1
345 49 1
345 77 1
345 102 1
345 105 1
345 119 1
345 175 1
345 526 1
345 969 1
345 696 1
345 357 1
345 439 1
345 622 1
345 400 1
30 787 1
30 609 1
423 30 1
423 103 1
423 148 1
423 249 1
423 272 1
423 315 1
423 334 1
423 411 1
423 874 1
423 795 1
423 919 1
423 757 1
423 788 1
423 989 1
423 423 1
423 578 1
423 799 1
423 806 1
423 827 1
622 30 1
622 42 1
622 86 1
622 129 1
622 158 1
622 175 1
622 198 1
622 391 1
622 417 1
622 474 1
622 502 1
622 518 1
622 591 1
622 672 1
622 760 1
622 725 1
622 666 1
622 734 1
622 622 1
622 700 1
622 767 1
622 637 1
622 653 1
622 703 1
787 94 1
787 332 1
787 411 1
787 699 1
296 30 1
296 86 1
296 296 1
296 725 1
296 672 1
296 714 1
296 622 1
296 895 1
296 951 1
609 72 1
609 78 1
609 219 1
609 322 1
609 561 1
609 579 1
609 587 1
609 729 1
609 814 1
609 730 1
609 658 1
609 886 1
609 657 1
31 644 1
31 784 1
31 175 1
31 235 1
644 303 1
644 345 1
182 31 1
182 175 1
182 345 1
182 357 1
182 400 1
753 31 1
753 175 1
753 223 1
753 235 1
753 345 1
753 353 1
753 400 1
753 897 1
753 983 1
784 312 1
784 602 1
784 889 1
784 896 1
235 100 1
235 102 1
235 139 1
235 182 1
235 345 1
235 897 1
235 675 1
695 32 1
695 90 1
695 629 1
695 726 1
32 90 1
32 303 1
32 347 1
925 32 1
925 412 1
925 542 1
90 694 1
90 90 1
694 32 1
694 157 1
303 85 1
303 377 1
303 532 1
303 831 1
59 32 1
59 726 1
59 123 1
59 59 1
59 452 1
347 829 1
347 884 1
347 390 1
347 472 1
347 423 1
347 411 1
80 808 1
80 480 1
80 829 1
80 833 1
80 284 1
80 912 1
80 508 1
80 702 1
159 33 1
159 38 1
159 104 1
159 259 1
159 769 1
159 931 1
159 745 1
159 363 1
159 312 1
159 509 1
79 262 1
79 533 1
79 318 1
79 605 1
79 611 1
79 515 1
713 34 1
713 622 1
34 512 1
34 782 1
34 473 1
34 188 1
220 34 1
220 56 1
220 887 1
220 374 1
220 667 1
220 257 1
220 220 1
220 762 1
220 890 1
35 516 1
35 119 1
35 381 1
35 432 1
35 353 1
35 710 1
516 41 1
516 81 1
516 119 1
516 124 1
516 161 1
516 167 1
516 168 1
516 176 1
516 200 1
516 276 1
516 310 1
516 336 1
516 385 1
516 401 1
516 413 1
516 493 1
516 502 1
516 921 1
516 875 1
516 840 1
516 676 1
516 714 1
516 661 1
516 963 1
516 687 1
516 917 1
516 654 1
516 522 1
516 713 1
516 925 1
126 35 1
126 516 1
129 35 1
129 45 1
129 296 1
129 509 1
119 401 1
119 899 1
119 119 1
119 608 1
119 985 1
119 206 1
119 639 1
119 208 1
654 35 1
654 149 1
654 162 1
654 168 1
654 207 1
654 336 1
654 355 1
654 385 1
654 413 1
654 432 1
654 633 1
654 640 1
654 826 1
654 791 1
654 712 1
654 907 1
276 35 1
276 124 1
276 126 1
276 131 1
276 176 1
276 211 1
276 218 1
276 225 1
276 254 1
276 654 1
276 997 1
276 493 1
276 639 1
276 714 1
276 772 1
276 826 1
276 697 1
276 668 1
276 397 1
381 189 1
381 319 1
381 661 1
381 676 1
381 875 1
381 727 1
381 968 1
381 916 1
381 705 1
381 877 1
381 688 1
710 97 1
710 128 1
710 264 1
710 571 1
710 708 1
710 710 1
710 850 1
36 526 1
36 235 1
36 685 1
36 105 1
685 53 1
685 195 1
685 553 1
685 654 1
685 685 1
719 38 1
719 276 1
719 427 1
719 516 1
719 967 1
719 783 1
719 968 1
719 768 1
38 215 1
38 841 1
38 646 1
38 708 1
38 790 1
38 492 1
38 559 1
38 643 1
38 710 1
38 638 1
38 38 1
38 457 1
38 592 1
38 97 1
38 582 1
38 706 1
38 951 1
38 778 1
38 472 1
38 352 1
38 751 1
38 728 1
38 864 1
38 915 1
38 321 1
836 38 1
836 128 1
836 138 1
836 363 1
836 716 1
95 38 1
95 71 1
95 173 1
95 538 1
215 68 1
215 138 1
215 586 1
215 440 1
215 647 1
215 648 1
215 745 1
215 769 1
215 708 1
215 961 1
215 935 1
215 730 1
215 345 1
215 456 1
841 215 1
841 312 1
841 507 1
841 584 1
841 586 1
774 38 1
774 456 1
774 520 1
774 584 1
774 586 1
774 864 1
559 97 1
559 328 1
559 407 1
559 412 1
559 456 1
559 537 1
559 864 1
559 728 1
559 769 1
559 915 1
559 953 1
128 38 1
128 97 1
128 739 1
128 209 1
128 726 1
128 387 1
128 456 1
584 38 1
584 104 1
584 113 1
584 159 1
584 215 1
584 263 1
584 440 1
584 456 1
584 536 1
584 708 1
584 864 1
584 910 1
584 586 1
584 938 1
584 793 1
584 662 1
584 834 1
584 624 1
717 38 1
717 300 1
717 523 1
717 792 1
717 953 1
638 97 1
638 215 1
638 850 1
638 843 1
537 38 1
537 97 1
537 153 1
537 215 1
537 710 1
537 817 1
537 576 1
270 38 1
270 97 1
270 138 1
270 747 1
270 864 1
270 312 1
771 38 1
771 97 1
771 459 1
776 38 1
776 178 1
776 363 1
776 679 1
793 38 1
793 97 1
793 139 1
793 262 1
793 409 1
793 641 1
793 745 1
793 877 1
457 97 1
457 679 1
457 920 1
457 498 1
457 507 1
83 38 1
83 41 1
83 586 1
83 747 1
83 350 1
83 456 1
592 68 1
592 97 1
592 215 1
592 708 1
843 38 1
843 138 1
843 576 1
843 586 1
843 836 1
843 953 1
843 946 1
97 571 1
97 780 1
97 670 1
97 459 1
97 244 1
97 286 1
97 688 1
97 407 1
97 805 1
97 527 1
97 646 1
97 263 1
97 253 1
97 97 1
97 790 1
97 427 1
97 189 1
97 569 1
97 110 1
97 956 1
97 953 1
97 456 1
647 38 1
647 456 1
647 477 1
647 728 1
647 953 1
582 63 1
582 115 1
582 434 1
582 915 1
582 731 1
582 599 1
766 38 1
766 45 1
766 136 1
766 198 1
766 399 1
766 617 1
766 653 1
766 700 1
766 743 1
766 913 1
766 961 1
706 276 1
706 432 1
706 516 1
706 668 1
706 719 1
778 230 1
778 244 1
778 294 1
778 409 1
778 703 1
778 837 1
778 966 1
778 797 1
778 928 1
472 94 1
472 334 1
472 411 1
472 853 1
892 38 1
892 230 1
892 312 1
892 575 1
892 862 1
352 79 1
352 435 1
352 388 1
352 552 1
751 97 1
751 139 1
751 553 1
751 665 1
751 716 1
751 862 1
864 68 1
864 83 1
864 99 1
864 126 1
864 138 1
864 251 1
864 279 1
864 371 1
864 387 1
864 457 1
864 459 1
864 485 1
864 523 1
864 569 1
864 574 1
864 586 1
864 592 1
864 688 1
864 745 1
864 747 1
864 750 1
864 785 1
864 822 1
864 828 1
864 924 1
864 953 1
915 68 1
915 190 1
915 480 1
915 537 1
915 790 1
915 864 1
915 907 1
915 952 1
915 953 1
39 39 1
39 311 1
39 237 1
39 565 1
39 581 1
450 39 1
450 581 1
565 188 1
565 512 1
565 879 1
565 630 1
849 39 1
849 199 1
849 327 1
849 848 1
705 40 1
705 124 1
705 154 1
705 283 1
705 577 1
705 669 1
705 676 1
705 967 1
705 826 1
705 887 1
40 861 1
40 901 1
40 452 1
40 716 1
40 289 1
40 292 1
40 838 1
40 914 1
852 40 1
852 289 1
852 367 1
852 716 1
852 914 1
403 40 1
403 289 1
403 838 1
403 842 1
403 914 1
994 40 1
994 292 1
994 553 1
994 838 1
994 842 1
901 498 1
901 533 1
901 564 1
452 439 1
452 925 1
289 130 1
289 288 1
289 614 1
289 589 1
289 792 1
289 960 1
289 302 1
289 486 1
289 803 1
289 598 1
289 813 1
289 635 1
289 838 1
292 71 1
292 79 1
292 202 1
292 219 1
292 245 1
292 277 1
292 288 1
292 289 1
292 476 1
292 292 1
292 888 1
292 352 1
292 328 1
292 619 1
292 496 1
292 486 1
292 447 1
292 733 1
292 842 1
292 838 1
292 701 1
292 403 1
292 493 1
292 961 1
292 916 1
838 82 1
838 87 1
838 136 1
838 163 1
838 171 1
838 224 1
838 255 1
838 277 1
838 288 1
838 344 1
838 352 1
838 360 1
838 388 1
838 489 1
838 553 1
838 577 1
838 589 1
838 701 1
838 751 1
838 914 1
838 883 1
838 866 1
838 949 1
838 946 1
838 844 1
838 867 1
838 980 1
914 278 1
914 292 1
914 344 1
914 367 1
914 489 1
914 510 1
914 639 1
914 729 1
914 733 1
41 188 1
41 830 1
41 853 1
525 42 1
525 529 1
525 622 1
525 887 1
525 768 1
42 399 1
42 42 1
42 961 1
42 705 1
42 509 1
42 764 1
42 740 1
399 214 1
399 898 1
399 887 1
399 911 1
399 700 1
399 760 1
399 750 1
399 737 1
399 509 1
158 42 1
158 364 1
961 912 1
887 42 1
887 51 1
887 129 1
887 137 1
887 296 1
887 474 1
887 491 1
887 622 1
887 653 1
887 666 1
887 699 1
887 713 1
887 743 1
887 766 1
887 767 1
887 834 1
887 964 1
887 887 1
887 890 1
725 42 1
725 491 1
725 862 1
725 734 1
725 766 1
509 50 1
509 158 1
509 226 1
509 887 1
509 666 1
509 750 1
509 576 1
509 911 1
509 725 1
509 890 1
509 653 1
509 766 1
509 518 1
509 796 1
509 892 1
43 285 1
43 157 1
43 65 1
43 991 1
43 583 1
285 106 1
285 157 1
285 178 1
285 226 1
285 233 1
285 691 1
285 543 1
285 593 1
285 285 1
285 402 1
285 583 1
285 574 1
285 601 1
157 610 1
157 652 1
690 43 1
690 285 1
690 475 1
690 583 1
690 610 1
690 904 1
991 258 1
991 276 1
991 477 1
991 673 1
991 740 1
991 818 1
991 853 1
991 856 1
583 151 1
583 181 1
583 186 1
583 206 1
583 299 1
583 358 1
583 554 1
583 563 1
583 721 1
583 665 1
583 583 1
583 691 1
583 693 1
583 720 1
583 610 1
186 43 1
186 85 1
186 178 1
186 536 1
186 285 1
186 690 1
186 691 1
186 703 1
186 247 1
202 44 1
202 245 1
202 867 1
202 202 1
202 879 1
202 403 1
202 883 1
202 277 1
202 810 1
202 476 1
202 397 1
202 341 1
202 584 1
202 911 1
202 367 1
44 886 1
44 87 1
44 751 1
44 292 1
44 838 1
553 44 1
553 54 1
553 136 1
553 199 1
553 202 1
553 216 1
553 245 1
553 277 1
553 292 1
553 293 1
553 302 1
553 330 1
553 344 1
553 367 1
553 388 1
553 397 1
553 403 1
553 453 1
553 476 1
553 497 1
553 815 1
553 724 1
553 866 1
553 930 1
553 759 1
553 852 1
553 879 1
553 844 1
553 946 1
553 949 1
553 837 1
553 863 1
553 639 1
553 914 1
886 220 1
886 314 1
886 782 1
886 897 1
886 944 1
87 726 1
87 553 1
87 987 1
87 949 1
87 367 1
87 852 1
87 360 1
87 792 1
87 352 1
87 388 1
87 411 1
87 536 1
87 309 1
87 716 1
87 288 1
87 866 1
855 45 1
855 69 1
855 335 1
855 406 1
855 443 1
855 499 1
855 549 1
855 569 1
855 758 1
855 877 1
855 855 1
855 919 1
855 980 1
45 524 1
672 45 1
672 114 1
672 129 1
672 198 1
672 391 1
672 399 1
672 509 1
672 613 1
672 767 1
672 766 1
672 743 1
967 46 1
967 266 1
967 319 1
46 809 1
939 46 1
939 252 1
939 332 1
939 411 1
939 422 1
939 500 1
939 657 1
939 791 1
939 799 1
939 803 1
939 807 1
939 989 1
411 46 1
411 121 1
411 152 1
411 187 1
411 191 1
411 317 1
411 365 1
411 377 1
411 386 1
411 389 1
411 398 1
411 542 1
411 454 1
411 411 1
411 788 1
411 578 1
411 877 1
411 463 1
411 993 1
411 990 1
411 892 1
411 862 1
47 669 1
47 480 1
47 189 1
47 446 1
669 208 1
669 349 1
669 404 1
669 516 1
722 47 1
722 82 1
722 230 1
722 292 1
722 312 1
722 889 1
189 516 1
189 676 1
189 698 1
189 977 1
189 941 1
189 719 1
189 511 1
189 484 1
273 47 1
273 166 1
273 494 1
273 862 1
273 889 1
273 409 1
273 928 1
446 51 1
446 109 1
446 135 1
446 651 1
446 913 1
446 957 1
544 47 1
544 274 1
544 363 1
544 411 1
544 673 1
544 744 1
343 48 1
343 311 1
343 324 1
343 664 1
343 495 1
205 70 1
205 116 1
205 199 1
522 49 1
522 284 1
522 348 1
522 353 1
522 508 1
522 676 1
522 833 1
107 692 1
876 49 1
876 114 1
876 331 1
876 551 1
876 889 1
102 49 1
102 107 1
102 210 1
102 761 1
102 322 1
102 105 1
50 519 1
50 637 1
50 365 1
50 766 1
230 50 1
230 82 1
230 103 1
230 112 1
230 132 1
230 187 1
230 275 1
230 446 1
230 824 1
230 680 1
230 465 1
230 306 1
230 287 1
230 950 1
230 590 1
230 560 1
230 236 1
230 773 1
230 784 1
230 505 1
230 342 1
230 591 1
230 534 1
230 876 1
230 487 1
230 548 1
230 967 1
230 918 1
230 919 1
230 668 1
230 906 1
230 853 1
230 312 1
230 862 1
230 326 1
637 509 1
637 546 1
637 586 1
637 637 1
637 766 1
637 788 1
365 69 1
365 228 1
365 317 1
365 334 1
365 757 1
365 725 1
365 423 1
869 331 1
869 677 1
869 862 1
495 51 1
495 188 1
495 581 1
495 588 1
495 803 1
795 329 1
795 411 1
795 485 1
795 539 1
795 881 1
632 53 1
632 906 1
632 939 1
222 86 1
222 148 1
222 906 1
222 541 1
222 535 1
196 53 1
196 148 1
196 597 1
789 53 1
789 148 1
789 196 1
789 222 1
789 553 1
923 53 1
923 556 1
923 597 1
923 923 1
943 740 1
943 923 1
195 53 1
195 906 1
195 422 1
195 923 1
195 998 1
763 53 1
763 412 1
763 643 1
763 726 1
763 763 1
900 111 1
900 337 1
900 522 1
900 553 1
900 621 1
900 631 1
900 819 1
297 53 1
297 389 1
297 498 1
597 53 1
597 104 1
597 106 1
597 374 1
597 441 1
597 443 1
597 685 1
597 752 1
72 53 1
72 568 1
72 573 1
72 845 1
72 835 1
72 517 1
72 826 1
54 302 1
54 755 1
54 589 1
54 139 1
54 292 1
54 914 1
302 292 1
302 388 1
278 54 1
278 96 1
278 352 1
278 689 1
278 838 1
278 889 1
589 118 1
589 139 1
589 202 1
589 210 1
589 292 1
589 302 1
589 313 1
589 453 1
589 589 1
589 759 1
589 716 1
589 818 1
589 713 1
139 245 1
139 510 1
139 865 1
139 302 1
139 883 1
139 397 1
139 733 1
139 497 1
139 949 1
139 759 1
139 367 1
139 867 1
139 994 1
139 476 1
139 930 1
139 307 1
139 278 1
139 716 1
139 844 1
139 938 1
139 364 1
139 621 1
139 380 1
139 525 1
139 913 1
139 838 1
139 914 1
388 54 1
388 117 1
388 130 1
388 136 1
388 139 1
388 153 1
388 172 1
388 278 1
388 307 1
388 864 1
388 852 1
388 397 1
388 994 1
388 865 1
388 510 1
388 883 1
388 701 1
388 453 1
388 879 1
388 931 1
388 489 1
388 496 1
388 561 1
388 911 1
388 609 1
863 54 1
459 95 1
459 237 1
459 818 1
459 915 1
945 56 1
945 432 1
945 473 1
265 846 1
265 740 1
374 56 1
374 723 1
374 634 1
374 945 1
374 709 1
374 667 1
374 473 1
57 332 1
57 534 1
57 777 1
57 712 1
57 420 1
57 82 1
57 380 1
57 338 1
57 275 1
57 564 1
57 705 1
57 992 1
332 125 1
332 451 1
332 334 1
332 758 1
332 770 1
332 377 1
332 549 1
332 467 1
332 350 1
534 312 1
534 313 1
534 777 1
546 57 1
546 331 1
546 876 1
546 677 1
187 57 1
187 114 1
187 365 1
777 896 1
712 206 1
712 902 1
712 889 1
420 331 1
420 551 1
420 820 1
420 889 1
974 57 1
974 312 1
974 656 1
974 928 1
236 57 1
236 787 1
236 267 1
236 331 1
236 928 1
560 57 1
560 114 1
560 548 1
560 778 1
560 889 1
560 928 1
114 57 1
114 111 1
114 974 1
114 295 1
114 552 1
114 166 1
114 689 1
114 680 1
114 981 1
114 777 1
114 236 1
114 971 1
114 353 1
114 230 1
114 331 1
114 862 1
165 57 1
165 79 1
165 235 1
165 681 1
552 57 1
552 132 1
552 430 1
552 487 1
552 950 1
552 591 1
552 702 1
552 862 1
338 299 1
689 57 1
689 274 1
689 331 1
689 610 1
689 862 1
689 928 1
313 57 1
313 230 1
313 413 1
313 338 1
313 331 1
313 722 1
313 485 1
287 57 1
837 57 1
837 590 1
816 57 1
816 157 1
816 276 1
816 652 1
816 693 1
816 704 1
846 57 1
846 321 1
846 533 1
846 535 1
846 825 1
357 57 1
357 175 1
357 526 1
357 897 1
357 645 1
992 62 1
992 179 1
992 615 1
992 656 1
409 57 1
409 84 1
409 114 1
409 236 1
409 292 1
409 295 1
409 312 1
409 331 1
409 552 1
409 889 1
409 465 1
409 837 1
409 928 1
409 892 1
409 722 1
409 784 1
409 876 1
409 560 1
409 777 1
409 420 1
409 525 1
409 526 1
726 331 1
726 452 1
726 717 1
726 838 1
123 893 1
123 694 1
123 631 1
612 59 1
612 197 1
612 366 1
612 392 1
612 660 1
612 838 1
612 700 1
60 532 1
60 603 1
151 60 1
151 532 1
151 545 1
372 60 1
372 248 1
372 673 1
603 113 1
603 519 1
603 526 1
603 687 1
61 549 1
61 545 1
61 881 1
61 423 1
549 94 1
549 498 1
549 870 1
549 990 1
454 61 1
454 315 1
545 664 1
545 719 1
545 889 1
334 61 1
334 74 1
334 94 1
334 153 1
334 228 1
334 239 1
334 272 1
334 315 1
334 317 1
334 318 1
334 758 1
334 406 1
334 350 1
334 806 1
334 903 1
334 788 1
334 989 1
334 411 1
334 410 1
334 855 1
334 549 1
334 913 1
334 993 1
334 483 1
334 736 1
62 62 1
62 252 1
62 867 1
62 617 1
62 409 1
62 568 1
629 62 1
629 390 1
252 124 1
252 233 1
252 885 1
122 62 1
122 144 1
122 881 1
568 64 1
568 86 1
568 108 1
568 928 1
568 814 1
568 573 1
568 609 1
550 62 1
550 242 1
692 63 1
692 220 1
692 361 1
692 395 1
692 464 1
692 512 1
692 613 1
692 615 1
692 992 1
63 464 1
63 714 1
874 63 1
874 179 1
874 191 1
874 355 1
874 692 1
714 168 1
714 845 1
64 862 1
64 429 1
64 609 1
862 82 1
862 132 1
862 165 1
862 227 1
862 236 1
862 245 1
862 274 1
862 295 1
862 312 1
862 338 1
862 342 1
862 424 1
862 446 1
862 511 1
862 551 1
862 555 1
862 579 1
862 590 1
862 653 1
862 677 1
862 712 1
862 722 1
862 820 1
862 824 1
862 837 1
862 950 1
862 876 1
862 974 1
862 862 1
862 928 1
862 944 1
862 959 1
429 73 1
429 88 1
429 258 1
429 308 1
429 609 1
429 845 1
848 64 1
848 108 1
848 702 1
138 65 1
138 97 1
138 455 1
138 793 1
138 739 1
138 924 1
138 492 1
138 646 1
138 527 1
138 659 1
138 519 1
138 784 1
138 734 1
138 937 1
138 976 1
138 507 1
138 656 1
138 391 1
145 418 1
145 932 1
421 66 1
421 926 1
421 547 1
421 512 1
421 673 1
884 67 1
884 94 1
884 350 1
884 411 1
884 699 1
67 285 1
67 610 1
67 178 1
178 416 1
178 563 1
178 583 1
178 593 1
178 610 1
178 358 1
178 462 1
178 652 1
178 982 1
693 67 1
693 120 1
693 178 1
693 181 1
693 285 1
693 313 1
693 462 1
693 543 1
693 563 1
693 567 1
693 610 1
693 652 1
693 693 1
693 959 1
371 282 1
371 728 1
688 138 1
688 456 1
688 673 1
688 679 1
920 68 1
920 138 1
920 164 1
920 279 1
920 513 1
920 520 1
920 562 1
920 571 1
920 584 1
920 586 1
920 836 1
920 837 1
920 913 1
562 68 1
562 215 1
562 917 1
562 586 1
648 68 1
648 138 1
648 459 1
648 769 1
648 679 1
648 864 1
104 370 1
104 409 1
104 766 1
104 796 1
470 68 1
470 435 1
470 631 1
470 829 1
470 929 1
470 883 1
288 139 1
288 255 1
288 553 1
288 489 1
288 367 1
288 751 1
288 993 1
288 914 1
363 68 1
363 175 1
363 459 1
363 670 1
363 747 1
363 492 1
363 387 1
363 953 1
69 124 1
69 315 1
69 913 1
69 609 1
124 96 1
124 598 1
124 608 1
124 899 1
124 916 1
124 669 1
124 211 1
124 381 1
124 385 1
124 970 1
124 552 1
124 189 1
124 742 1
124 508 1
368 69 1
368 215 1
368 246 1
368 855 1
368 919 1
368 411 1
542 69 1
542 398 1
542 409 1
542 549 1
542 757 1
542 990 1
542 674 1
336 69 1
336 208 1
336 220 1
336 816 1
674 69 1
674 143 1
674 196 1
674 272 1
674 334 1
674 532 1
674 799 1
807 69 1
807 329 1
807 411 1
807 416 1
807 672 1
807 877 1
315 165 1
315 224 1
315 578 1
315 315 1
315 335 1
315 411 1
315 610 1
143 122 1
143 178 1
318 70 1
318 359 1
318 363 1
318 408 1
318 533 1
318 825 1
318 498 1
513 118 1
513 152 1
513 770 1
557 75 1
557 152 1
557 266 1
557 764 1
539 259 1
86 71 1
86 491 1
86 637 1
86 129 1
86 750 1
982 365 1
982 411 1
982 990 1
573 356 1
573 469 1
573 716 1
573 814 1
573 573 1
845 108 1
845 315 1
845 573 1
845 980 1
730 72 1
730 573 1
730 814 1
729 72 1
729 488 1
729 561 1
729 578 1
729 606 1
729 845 1
77 72 1
77 73 1
77 874 1
77 78 1
77 609 1
835 258 1
835 560 1
835 609 1
835 862 1
517 78 1
517 108 1
517 308 1
517 609 1
948 72 1
948 88 1
948 568 1
948 609 1
826 405 1
826 840 1
73 480 1
73 216 1
73 948 1
73 617 1
216 139 1
216 716 1
216 321 1
74 584 1
74 535 1
74 585 1
535 79 1
535 203 1
535 498 1
585 118 1
585 292 1
585 312 1
585 321 1
585 482 1
585 498 1
585 850 1
585 889 1
585 585 1
94 855 1
94 461 1
94 451 1
94 416 1
94 578 1
94 913 1
94 315 1
94 982 1
94 807 1
94 939 1
94 527 1
94 302 1
94 708 1
94 411 1
76 169 1
76 572 1
169 661 1
169 171 1
169 965 1
572 135 1
572 169 1
322 77 1
322 88 1
322 273 1
322 311 1
322 359 1
78 442 1
442 586 1
442 638 1
442 910 1
442 920 1
442 456 1
980 78 1
980 219 1
980 258 1
980 494 1
980 503 1
980 609 1
980 763 1
980 848 1
980 948 1
980 979 1
980 980 1
605 426 1
605 498 1
605 596 1
605 822 1
605 610 1
605 973 1
605 669 1
605 955 1
596 79 1
596 321 1
596 825 1
973 79 1
973 118 1
808 284 1
808 621 1
808 691 1
808 833 1
808 870 1
829 199 1
829 348 1
829 359 1
829 369 1
829 554 1
829 610 1
829 631 1
829 819 1
829 912 1
829 872 1
829 833 1
829 861 1
284 85 1
284 258 1
284 621 1
284 631 1
284 480 1
284 958 1
284 642 1
284 363 1
284 708 1
284 833 1
754 80 1
754 115 1
754 207 1
754 673 1
702 108 1
702 217 1
702 322 1
702 466 1
702 568 1
702 814 1
702 835 1
702 948 1
614 81 1
614 192 1
614 199 1
614 241 1
614 929 1
975 199 1
975 508 1
975 829 1
975 838 1
251 621 1
251 359 1
251 480 1
251 508 1
251 990 1
111 81 1
111 872 1
111 707 1
111 199 1
604 81 1
604 613 1
441 621 1
441 833 1
441 861 1
441 508 1
369 199 1
369 282 1
369 292 1
369 631 1
369 508 1
245 833 1
245 984 1
245 289 1
245 838 1
555 81 1
555 109 1
555 838 1
555 889 1
491 346 1
491 622 1
491 766 1
415 81 1
415 431 1
312 82 1
312 112 1
312 114 1
312 135 1
312 142 1
312 166 1
312 175 1
312 257 1
312 275 1
312 287 1
312 295 1
312 306 1
312 677 1
312 966 1
312 680 1
312 552 1
312 981 1
312 824 1
312 312 1
312 928 1
312 869 1
312 380 1
312 942 1
312 560 1
312 590 1
312 651 1
312 460 1
312 681 1
312 382 1
312 446 1
312 494 1
312 837 1
312 666 1
312 488 1
312 857 1
312 694 1
312 431 1
312 943 1
312 830 1
889 82 1
889 114 1
889 125 1
889 135 1
889 138 1
889 142 1
889 165 1
889 187 1
889 230 1
889 236 1
889 258 1
889 264 1
889 275 1
889 287 1
889 313 1
889 380 1
889 424 1
889 473 1
889 494 1
889 528 1
889 534 1
889 550 1
889 579 1
889 656 1
889 661 1
889 671 1
889 729 1
889 773 1
889 952 1
889 889 1
889 942 1
889 928 1
889 896 1
207 83 1
207 126 1
207 197 1
207 598 1
207 319 1
207 488 1
747 850 1
84 508 1
84 411 1
84 917 1
84 896 1
917 639 1
917 742 1
917 941 1
896 230 1
896 273 1
896 275 1
896 277 1
896 295 1
896 312 1
896 313 1
896 331 1
896 382 1
896 446 1
896 471 1
896 474 1
896 476 1
896 656 1
896 824 1
896 859 1
896 869 1
896 969 1
484 199 1
484 241 1
484 284 1
484 348 1
484 402 1
484 621 1
484 833 1
484 508 1
765 85 1
765 347 1
765 348 1
765 480 1
765 508 1
765 520 1
765 522 1
765 631 1
765 748 1
937 85 1
937 199 1
937 621 1
937 833 1
937 861 1
937 943 1
490 85 1
490 199 1
490 833 1
569 86 1
106 86 1
106 622 1
106 887 1
106 743 1
106 509 1
750 198 1
750 312 1
750 783 1
750 887 1
391 86 1
391 525 1
391 576 1
391 887 1
391 890 1
391 474 1
391 767 1
391 532 1
391 951 1
987 139 1
987 388 1
987 432 1
987 716 1
987 838 1
987 914 1
810 87 1
810 288 1
810 292 1
810 553 1
810 838 1
810 981 1
949 693 1
949 716 1
949 895 1
949 914 1
367 253 1
367 292 1
367 716 1
367 866 1
367 608 1
367 622 1
844 87 1
844 144 1
844 285 1
844 292 1
844 388 1
844 716 1
360 289 1
360 679 1
360 589 1
360 716 1
360 888 1
792 292 1
792 553 1
397 87 1
397 716 1
397 838 1
397 914 1
536 138 1
536 456 1
536 688 1
536 864 1
309 176 1
309 211 1
309 742 1
309 432 1
309 968 1
108 308 1
108 609 1
108 448 1
108 948 1
108 345 1
873 432 1
873 516 1
873 639 1
873 661 1
744 395 1
744 477 1
744 947 1
91 801 1
91 641 1
91 146 1
91 91 1
801 146 1
801 150 1
801 183 1
801 214 1
801 364 1
801 366 1
801 436 1
801 530 1
801 612 1
801 641 1
801 660 1
801 743 1
801 826 1
801 922 1
801 891 1
801 934 1
801 940 1
801 972 1
801 944 1
934 91 1
146 98 1
146 155 1
146 623 1
146 392 1
146 955 1
146 449 1
146 571 1
146 195 1
146 761 1
392 91 1
392 150 1
392 801 1
392 623 1
392 955 1
392 570 1
392 392 1
392 840 1
392 940 1
392 855 1
183 91 1
183 94 1
183 146 1
183 623 1
183 957 1
183 250 1
92 254 1
92 339 1
254 208 1
254 516 1
254 310 1
428 92 1
428 267 1
339 736 1
607 92 1
607 711 1
93 798 1
93 104 1
93 621 1
93 631 1
93 284 1
93 581 1
419 93 1
419 829 1
419 857 1
419 861 1
461 334 1
461 451 1
461 864 1
451 305 1
451 334 1
451 448 1
451 990 1
416 321 1
416 795 1
416 542 1
416 657 1
416 750 1
416 990 1
578 297 1
578 311 1
578 329 1
578 348 1
578 542 1
578 578 1
578 757 1
578 884 1
578 919 1
502 94 1
502 758 1
800 94 1
800 304 1
800 332 1
800 411 1
800 746 1
800 933 1
800 855 1
877 94 1
877 334 1
877 335 1
877 423 1
950 94 1
950 132 1
950 308 1
950 312 1
950 331 1
950 778 1
950 889 1
173 478 1
173 958 1
173 468 1
173 798 1
173 284 1
173 177 1
173 359 1
173 920 1
538 97 1
538 215 1
538 332 1
538 333 1
538 537 1
538 850 1
538 776 1
938 97 1
938 215 1
387 97 1
387 159 1
387 167 1
387 708 1
387 721 1
387 776 1
387 915 1
407 387 1
407 953 1
407 952 1
263 708 1
263 868 1
263 953 1
263 456 1
507 97 1
507 99 1
507 166 1
507 387 1
507 850 1
507 915 1
507 739 1
507 920 1
507 646 1
507 952 1
507 519 1
507 864 1
907 97 1
907 527 1
440 97 1
788 97 1
984 97 1
984 312 1
984 313 1
984 409 1
984 720 1
984 896 1
226 97 1
226 289 1
226 755 1
110 102 1
110 753 1
956 258 1
956 585 1
956 740 1
956 830 1
243 97 1
243 118 1
243 388 1
243 498 1
234 97 1
234 740 1
234 796 1
234 395 1
959 98 1
959 183 1
959 392 1
959 623 1
959 641 1
959 801 1
98 388 1
98 641 1
98 183 1
98 586 1
98 889 1
98 811 1
250 98 1
250 205 1
250 801 1
250 606 1
250 832 1
811 374 1
811 782 1
99 586 1
99 796 1
99 282 1
99 812 1
282 104 1
282 771 1
282 817 1
282 378 1
812 148 1
812 939 1
100 504 1
100 761 1
100 645 1
100 696 1
100 397 1
100 357 1
100 105 1
100 897 1
100 400 1
100 175 1
504 345 1
504 348 1
504 404 1
504 526 1
761 175 1
645 102 1
645 235 1
645 400 1
645 897 1
645 815 1
696 881 1
897 105 1
897 314 1
897 394 1
897 761 1
400 110 1
400 235 1
400 357 1
400 526 1
400 952 1
400 553 1
400 589 1
210 526 1
210 345 1
210 235 1
210 553 1
210 681 1
445 102 1
445 598 1
445 929 1
103 526 1
103 345 1
103 292 1
344 103 1
344 163 1
344 292 1
344 765 1
370 235 1
370 456 1
697 124 1
697 127 1
697 207 1
697 261 1
697 438 1
697 490 1
697 516 1
697 608 1
697 661 1
697 663 1
697 902 1
697 781 1
697 972 1
697 783 1
697 823 1
697 906 1
697 878 1
697 742 1
394 105 1
394 163 1
394 175 1
394 235 1
394 526 1
394 996 1
969 235 1
969 644 1
223 105 1
223 175 1
223 507 1
709 235 1
709 526 1
709 857 1
743 276 1
561 108 1
561 138 1
561 730 1
561 848 1
561 835 1
561 599 1
561 993 1
561 948 1
561 568 1
308 548 1
308 561 1
308 543 1
814 108 1
814 284 1
814 322 1
448 708 1
871 108 1
871 452 1
871 726 1
386 108 1
386 334 1
386 990 1
386 999 1
109 649 1
109 505 1
109 671 1
109 862 1
109 825 1
649 295 1
649 692 1
649 784 1
602 109 1
602 170 1
602 312 1
602 942 1
602 680 1
602 666 1
505 889 1
342 109 1
342 312 1
342 677 1
342 778 1
342 896 1
463 109 1
463 334 1
463 791 1
671 230 1
671 312 1
671 409 1
671 914 1
671 871 1
447 110 1
447 553 1
447 838 1
447 914 1
707 412 1
707 503 1
707 871 1
707 726 1
707 893 1
707 905 1
112 494 1
494 230 1
494 331 1
494 409 1
494 631 1
494 681 1
494 518 1
142 112 1
142 697 1
142 295 1
567 112 1
567 230 1
567 409 1
567 487 1
567 508 1
567 861 1
567 820 1
422 112 1
422 149 1
422 204 1
422 357 1
422 789 1
422 422 1
422 556 1
422 569 1
422 723 1
422 779 1
422 597 1
422 752 1
206 112 1
206 177 1
206 680 1
206 494 1
206 345 1
206 230 1
618 113 1
618 303 1
618 388 1
618 442 1
171 113 1
171 532 1
171 248 1
171 172 1
171 303 1
171 307 1
171 951 1
227 114 1
227 784 1
227 988 1
227 230 1
227 312 1
227 889 1
295 788 1
295 820 1
295 342 1
295 984 1
295 548 1
295 505 1
295 357 1
295 331 1
166 425 1
166 862 1
166 409 1
680 295 1
680 331 1
680 862 1
981 275 1
981 294 1
981 331 1
981 409 1
981 602 1
981 862 1
981 927 1
971 537 1
971 581 1
875 114 1
875 276 1
875 432 1
267 114 1
267 552 1
267 326 1
267 409 1
133 115 1
133 181 1
133 754 1
133 258 1
133 274 1
133 944 1
393 274 1
393 673 1
393 947 1
393 477 1
903 115 1
903 368 1
903 538 1
932 115 1
932 395 1
932 473 1
932 768 1
932 853 1
155 122 1
155 199 1
117 650 1
117 794 1
117 620 1
650 258 1
650 501 1
650 630 1
511 331 1
511 409 1
511 547 1
511 573 1
401 185 1
401 276 1
401 654 1
401 697 1
401 840 1
401 909 1
401 493 1
899 176 1
899 319 1
899 411 1
899 432 1
899 756 1
899 838 1
899 887 1
899 935 1
608 276 1
608 516 1
608 899 1
608 676 1
608 687 1
985 150 1
985 276 1
985 553 1
985 668 1
985 676 1
985 742 1
676 119 1
676 126 1
676 147 1
676 218 1
676 276 1
676 309 1
676 438 1
676 488 1
676 537 1
676 847 1
676 963 1
676 772 1
676 774 1
676 968 1
676 861 1
192 119 1
192 598 1
192 738 1
192 727 1
192 349 1
192 274 1
192 299 1
639 162 1
639 208 1
639 516 1
639 772 1
639 711 1
639 705 1
639 941 1
208 168 1
208 190 1
208 207 1
208 705 1
208 211 1
208 875 1
208 804 1
208 598 1
208 873 1
208 334 1
208 550 1
208 432 1
208 585 1
962 120 1
962 315 1
962 334 1
962 365 1
962 657 1
121 317 1
121 332 1
121 499 1
121 891 1
121 674 1
121 334 1
121 416 1
121 939 1
317 277 1
317 377 1
317 461 1
499 423 1
499 939 1
891 508 1
891 623 1
144 885 1
506 123 1
506 139 1
506 202 1
506 292 1
506 553 1
506 733 1
506 838 1
506 930 1
598 276 1
598 967 1
804 124 1
804 247 1
804 432 1
804 676 1
804 941 1
271 124 1
271 516 1
271 697 1
218 124 1
218 353 1
218 232 1
916 189 1
916 315 1
916 516 1
781 124 1
781 127 1
781 675 1
781 941 1
781 896 1
640 124 1
640 405 1
640 432 1
640 699 1
640 669 1
640 719 1
640 899 1
640 992 1
438 124 1
438 208 1
438 516 1
438 669 1
438 926 1
438 972 1
438 673 1
211 516 1
211 697 1
211 319 1
211 738 1
211 698 1
211 443 1
211 714 1
211 969 1
211 968 1
211 972 1
211 638 1
385 276 1
385 598 1
847 124 1
847 177 1
847 288 1
847 354 1
847 382 1
847 639 1
847 640 1
847 875 1
847 941 1
847 854 1
698 124 1
698 208 1
698 850 1
698 972 1
675 124 1
675 208 1
675 230 1
675 276 1
675 663 1
675 858 1
675 676 1
528 126 1
528 312 1
528 345 1
528 461 1
528 590 1
528 896 1
127 608 1
127 463 1
127 847 1
127 488 1
488 247 1
488 826 1
488 597 1
859 128 1
859 215 1
859 334 1
859 523 1
859 586 1
859 710 1
859 864 1
859 953 1
466 128 1
466 350 1
739 456 1
739 584 1
739 679 1
739 771 1
739 953 1
209 745 1
209 456 1
476 128 1
476 289 1
232 129 1
232 622 1
232 887 1
232 895 1
232 343 1
232 880 1
232 477 1
130 608 1
130 829 1
130 553 1
130 589 1
130 139 1
130 202 1
130 838 1
724 130 1
724 292 1
724 318 1
724 520 1
724 994 1
724 838 1
724 914 1
132 275 1
132 218 1
132 295 1
132 312 1
132 896 1
132 409 1
132 928 1
132 981 1
851 133 1
851 437 1
851 740 1
181 610 1
181 623 1
281 133 1
281 140 1
281 991 1
281 856 1
281 477 1
944 266 1
944 274 1
944 293 1
944 299 1
944 433 1
944 475 1
944 552 1
944 803 1
944 811 1
944 853 1
944 988 1
944 983 1
231 134 1
231 230 1
231 312 1
231 862 1
231 928 1
231 473 1
135 423 1
135 187 1
135 526 1
135 649 1
135 230 1
135 331 1
136 701 1
136 284 1
136 914 1
879 136 1
879 409 1
879 589 1
879 725 1
879 838 1
879 990 1
701 331 1
701 334 1
701 687 1
701 736 1
701 865 1
137 622 1
137 672 1
137 258 1
785 138 1
785 159 1
785 282 1
785 345 1
785 456 1
785 559 1
850 138 1
850 215 1
850 466 1
850 728 1
850 799 1
850 918 1
924 523 1
268 138 1
268 512 1
268 501 1
734 649 1
976 482 1
656 170 1
656 188 1
656 275 1
656 312 1
656 370 1
656 862 1
486 139 1
486 141 1
486 202 1
510 202 1
510 508 1
510 553 1
510 589 1
510 716 1
510 862 1
865 292 1
865 553 1
865 838 1
865 843 1
883 289 1
883 292 1
733 838 1
497 292 1
497 388 1
497 838 1
815 139 1
815 292 1
815 373 1
815 842 1
759 716 1
759 838 1
946 139 1
946 292 1
946 953 1
619 139 1
619 255 1
619 289 1
619 447 1
619 792 1
619 716 1
489 139 1
489 553 1
489 716 1
930 231 1
930 255 1
930 258 1
930 292 1
930 928 1
255 139 1
255 553 1
255 292 1
255 388 1
255 693 1
307 202 1
307 292 1
307 631 1
307 553 1
307 838 1
307 367 1
364 292 1
364 781 1
364 887 1
140 715 1
715 316 1
212 140 1
212 620 1
405 705 1
405 488 1
405 740 1
483 142 1
483 199 1
483 211 1
483 284 1
483 331 1
483 348 1
483 631 1
483 819 1
483 833 1
483 947 1
418 421 1
418 512 1
623 250 1
623 377 1
623 453 1
623 612 1
623 801 1
623 922 1
623 934 1
623 623 1
623 955 1
623 783 1
623 660 1
623 981 1
955 154 1
955 228 1
955 351 1
955 801 1
955 889 1
449 570 1
449 623 1
449 959 1
449 690 1
147 687 1
147 852 1
147 926 1
687 727 1
926 162 1
926 194 1
926 312 1
926 381 1
926 459 1
926 669 1
926 783 1
926 987 1
752 477 1
752 752 1
541 148 1
541 195 1
541 229 1
541 541 1
541 752 1
149 208 1
149 850 1
150 676 1
570 153 1
570 159 1
570 250 1
570 555 1
570 697 1
570 891 1
570 658 1
570 678 1
570 623 1
570 626 1
153 623 1
153 915 1
153 312 1
153 796 1
326 153 1
326 258 1
326 299 1
326 395 1
154 801 1
154 623 1
154 678 1
154 183 1
154 660 1
154 951 1
658 154 1
658 676 1
658 744 1
678 612 1
678 623 1
940 154 1
940 351 1
921 154 1
921 168 1
921 208 1
921 319 1
921 598 1
921 668 1
921 864 1
921 941 1
972 156 1
972 977 1
259 536 1
259 586 1
259 915 1
259 953 1
259 431 1
910 159 1
910 412 1
910 413 1
910 477 1
910 537 1
910 571 1
910 586 1
910 805 1
910 864 1
769 363 1
931 292 1
931 589 1
931 716 1
931 838 1
931 914 1
745 167 1
745 456 1
745 546 1
430 160 1
430 551 1
430 862 1
430 896 1
161 887 1
161 399 1
161 718 1
718 509 1
718 518 1
718 788 1
162 516 1
162 207 1
162 674 1
162 742 1
163 553 1
919 334 1
919 411 1
919 531 1
919 815 1
389 165 1
389 186 1
389 230 1
389 656 1
389 677 1
389 773 1
389 862 1
389 896 1
389 825 1
389 477 1
681 409 1
681 507 1
681 889 1
681 824 1
425 188 1
425 311 1
425 673 1
168 413 1
168 985 1
413 208 1
413 319 1
413 349 1
413 384 1
413 419 1
661 292 1
661 349 1
661 355 1
661 473 1
661 488 1
661 985 1
965 194 1
965 583 1
965 619 1
965 838 1
965 853 1
601 169 1
601 854 1
601 715 1
601 607 1
601 620 1
601 853 1
170 942 1
170 818 1
170 896 1
942 651 1
942 862 1
942 940 1
818 363 1
818 507 1
818 559 1
818 805 1
248 207 1
248 532 1
248 753 1
958 348 1
958 833 1
958 861 1
359 353 1
359 808 1
359 937 1
359 508 1
174 179 1
174 174 1
174 692 1
174 582 1
174 599 1
174 361 1
174 399 1
179 381 1
179 746 1
179 213 1
179 354 1
179 409 1
361 582 1
361 599 1
361 992 1
361 627 1
361 749 1
361 731 1
361 744 1
361 748 1
361 740 1
736 174 1
736 392 1
439 175 1
439 914 1
996 345 1
996 716 1
996 897 1
233 175 1
233 387 1
233 953 1
233 583 1
233 740 1
665 563 1
665 621 1
460 175 1
460 331 1
460 862 1
741 175 1
741 299 1
741 887 1
176 676 1
176 695 1
176 197 1
176 833 1
197 516 1
197 276 1
197 977 1
197 716 1
310 176 1
310 365 1
310 319 1
574 178 1
574 186 1
574 904 1
574 583 1
574 693 1
563 200 1
563 691 1
563 580 1
593 186 1
593 816 1
593 704 1
593 593 1
593 693 1
358 285 1
358 652 1
358 720 1
462 402 1
462 543 1
462 720 1
691 178 1
691 532 1
691 610 1
691 691 1
691 720 1
354 990 1
378 180 1
378 215 1
378 571 1
378 398 1
180 532 1
180 248 1
180 559 1
180 295 1
402 181 1
402 386 1
402 554 1
402 583 1
402 693 1
908 183 1
908 427 1
908 449 1
908 570 1
908 623 1
908 801 1
908 853 1
530 183 1
530 392 1
530 641 1
530 623 1
530 533 1
221 186 1
221 449 1
221 285 1
221 610 1
221 896 1
543 186 1
543 588 1
703 230 1
703 941 1
703 862 1
247 608 1
247 847 1
684 188 1
684 242 1
684 311 1
684 630 1
684 719 1
594 188 1
594 311 1
594 786 1
594 747 1
249 188 1
249 862 1
249 581 1
249 630 1
840 189 1
840 208 1
840 242 1
840 271 1
840 328 1
840 663 1
840 926 1
383 189 1
383 208 1
383 270 1
383 516 1
383 493 1
383 395 1
731 189 1
731 213 1
731 495 1
493 189 1
493 254 1
493 433 1
493 654 1
493 742 1
493 899 1
493 783 1
493 997 1
493 493 1
190 861 1
190 282 1
190 532 1
190 618 1
190 274 1
738 971 1
727 319 1
727 516 1
727 654 1
727 719 1
727 838 1
349 218 1
349 516 1
349 687 1
349 517 1
349 854 1
261 194 1
261 516 1
261 661 1
194 218 1
194 934 1
194 319 1
194 586 1
663 194 1
663 276 1
663 283 1
663 309 1
663 336 1
663 385 1
663 698 1
663 719 1
663 911 1
663 972 1
319 265 1
319 705 1
319 697 1
319 875 1
319 488 1
319 997 1
319 608 1
319 742 1
319 633 1
319 954 1
319 634 1
319 461 1
319 462 1
319 405 1
319 941 1
346 194 1
346 319 1
346 330 1
346 640 1
346 968 1
346 531 1
576 198 1
576 576 1
576 887 1
576 740 1
198 637 1
198 911 1
198 668 1
198 824 1
198 743 1
198 311 1
700 198 1
700 887 1
911 621 1
911 654 1
911 887 1
767 198 1
767 637 1
668 401 1
668 432 1
668 493 1
668 516 1
668 592 1
668 742 1
200 351 1
200 660 1
200 201 1
200 200 1
200 612 1
200 387 1
366 200 1
366 201 1
366 600 1
366 940 1
366 477 1
277 898 1
277 672 1
328 202 1
328 208 1
328 838 1
328 888 1
328 509 1
341 288 1
341 553 1
341 838 1
341 622 1
966 202 1
966 373 1
966 820 1
966 862 1
966 889 1
966 928 1
474 202 1
474 678 1
474 955 1
474 509 1
819 202 1
819 642 1
819 765 1
819 792 1
819 798 1
819 833 1
219 680 1
219 702 1
398 205 1
398 272 1
398 315 1
398 456 1
398 806 1
551 206 1
551 295 1
551 958 1
551 889 1
520 209 1
520 456 1
520 769 1
520 584 1
520 586 1
520 953 1
443 941 1
443 861 1
749 213 1
749 354 1
749 793 1
300 213 1
300 334 1
300 411 1
300 939 1
214 887 1
214 895 1
214 560 1
895 391 1
895 491 1
895 766 1
895 887 1
894 215 1
894 456 1
894 861 1
894 864 1
952 215 1
952 370 1
952 371 1
952 801 1
952 864 1
217 622 1
217 951 1
217 920 1
686 220 1
384 220 1
384 246 1
384 782 1
384 473 1
890 518 1
890 616 1
890 895 1
225 771 1
225 673 1
225 740 1
225 768 1
225 947 1
735 225 1
735 258 1
735 580 1
735 740 1
735 768 1
791 225 1
791 299 1
791 322 1
791 324 1
791 674 1
791 860 1
791 853 1
947 274 1
947 474 1
947 817 1
988 299 1
988 508 1
988 740 1
988 796 1
228 417 1
228 377 1
228 588 1
228 408 1
228 411 1
228 939 1
417 288 1
417 631 1
417 910 1
417 855 1
417 881 1
417 919 1
408 437 1
587 229 1
587 561 1
587 862 1
587 746 1
797 230 1
797 299 1
797 312 1
797 942 1
797 978 1
465 862 1
465 889 1
306 236 1
306 454 1
306 889 1
306 928 1
590 231 1
773 409 1
773 471 1
773 943 1
773 896 1
591 295 1
591 583 1
591 862 1
424 230 1
424 820 1
487 862 1
487 889 1
487 833 1
548 928 1
324 230 1
324 299 1
324 768 1
880 326 1
880 367 1
503 235 1
503 498 1
503 941 1
503 871 1
239 311 1
239 687 1
240 939 1
240 240 1
240 334 1
240 882 1
240 416 1
240 285 1
882 416 1
882 539 1
904 240 1
904 285 1
904 631 1
904 725 1
904 816 1
482 241 1
482 825 1
482 605 1
834 242 1
834 673 1
834 796 1
293 258 1
293 853 1
335 334 1
335 639 1
335 542 1
335 806 1
335 517 1
335 411 1
335 423 1
335 437 1
335 655 1
832 256 1
832 313 1
832 593 1
256 456 1
256 673 1
256 740 1
256 274 1
256 791 1
860 388 1
860 673 1
860 740 1
379 258 1
379 456 1
379 764 1
379 673 1
362 274 1
362 298 1
362 673 1
362 791 1
979 258 1
979 274 1
979 299 1
340 341 1
337 673 1
983 274 1
983 703 1
983 947 1
748 258 1
748 294 1
748 299 1
748 477 1
748 729 1
995 258 1
995 274 1
995 477 1
995 673 1
995 740 1
905 571 1
280 258 1
280 418 1
986 715 1
986 796 1
264 321 1
264 869 1
264 896 1
269 648 1
269 372 1
269 356 1
356 308 1
356 363 1
356 448 1
356 609 1
272 666 1
304 526 1
304 897 1
304 553 1
404 754 1
404 905 1
475 830 1
323 274 1
323 906 1
294 274 1
978 477 1
978 791 1
978 830 1
496 288 1
496 553 1
902 276 1
902 473 1
902 676 1
902 826 1
997 654 1
997 676 1
997 814 1
997 926 1
772 432 1
772 516 1
772 719 1
772 972 1
471 276 1
471 313 1
471 862 1
898 285 1
898 392 1
898 449 1
898 641 1
898 660 1
279 507 1
279 462 1
817 519 1
817 646 1
817 828 1
817 915 1
817 953 1
283 516 1
283 432 1
283 488 1
283 493 1
704 285 1
704 357 1
704 610 1
704 830 1
554 285 1
554 693 1
699 287 1
699 334 1
699 411 1
699 939 1
699 812 1
699 881 1
699 913 1
699 990 1
330 288 1
330 716 1
330 914 1
453 288 1
453 367 1
453 716 1
993 919 1
803 673 1
803 768 1
803 830 1
803 853 1
813 334 1
813 411 1
813 416 1
813 542 1
813 853 1
888 334 1
888 716 1
888 883 1
651 295 1
651 493 1
651 545 1
653 296 1
806 300 1
806 806 1
806 913 1
760 509 1
485 302 1
485 315 1
636 507 1
636 562 1
636 584 1
636 592 1
636 688 1
636 776 1
662 312 1
662 567 1
662 923 1
662 862 1
662 889 1
579 312 1
579 833 1
579 896 1
579 928 1
382 331 1
382 677 1
320 716 1
320 942 1
320 384 1
320 889 1
320 928 1
827 324 1
827 358 1
827 477 1
827 508 1
410 807 1
410 423 1
410 990 1
547 331 1
547 409 1
547 487 1
683 331 1
683 361 1
683 464 1
683 599 1
683 613 1
683 764 1
683 692 1
683 749 1
821 332 1
821 416 1
821 851 1
821 913 1
821 919 1
821 990 1
758 446 1
758 674 1
758 798 1
758 806 1
770 368 1
770 386 1
770 408 1
770 411 1
770 510 1
770 945 1
406 470 1
406 416 1
989 350 1
989 788 1
783 336 1
783 941 1
575 339 1
575 620 1
575 979 1
390 953 1
390 411 1
390 437 1
390 778 1
390 830 1
999 347 1
999 542 1
999 579 1
999 990 1
414 631 1
414 833 1
414 857 1
414 559 1
858 752 1
858 861 1
434 348 1
434 522 1
434 631 1
434 833 1
434 789 1
757 411 1
732 351 1
732 449 1
732 801 1
922 678 1
627 354 1
627 692 1
627 985 1
355 770 1
376 768 1
376 853 1
376 936 1
376 984 1
963 416 1
963 654 1
963 838 1
963 897 1
426 535 1
426 825 1
426 498 1
626 427 1
626 599 1
626 692 1
626 749 1
823 661 1
823 686 1
444 538 1
444 721 1
444 920 1
444 999 1
566 628 1
566 566 1
566 762 1
481 622 1
481 887 1
481 895 1
481 510 1
481 743 1
518 964 1
518 887 1
518 766 1
711 509 1
711 622 1
624 686 1
933 682 1
933 787 1
933 862 1
